id	logFC	AveExpr	t	P.Value	adj.P.Val	B
hsa-miR-141	-6.72618501	5.076390809	-23.7093565199556	5.27718979464419e-09	4.4908885152422e-06	11.250220962863
hsa-miR-200c	-6.7049888	5.15153146	-21.2759155792755	1.29539887038191e-08	5.51192219347501e-06	10.4830650069166
hsa-miR-138	-4.59366424024	2.75057668188	-14.5131134326731	2.99544490699082e-07	8.4970787194973e-05	7.54624857337009
hsa-miR-509-3p	-3.1492156064	1.6229187028	-11.2757387372227	2.28001749209386e-06	0.000388058977154375	5.49953771440619
hsa-miR-34a	2.4235526	10.3398428	9.30930905705577	1.02613531089257e-05	0.00134994746944302	3.93621140195576
hsa-miR-34a*	2.86824456	3.938652738	9.21481084000226	1.11041507474749e-05	0.00134994746944302	3.85338615407499
hsa-miR-510	-2.68623851232	1.56791740584	-8.59440543249035	1.89718195929931e-05	0.00195555710140944	3.28969035221998
hsa-miR-15a	1.13520632	11.04355376	8.49775484535812	2.06815674649647e-05	0.00195555710140944	3.19863336281226
hsa-miR-342-5p	1.780907814	4.060627565	8.3219150593191	2.42470212143021e-05	0.00206342150533711	3.03062870215519
hsa-miR-34b*	2.617808882	6.983977389	8.14283574751778	2.85907088510311e-05	0.00221188120292977	2.85635245186134
hsa-miR-193a-5p	1.25184805	4.835863955	7.83134230904749	3.83486389054364e-05	0.0027195576423772	2.54532009526912
hsa-miR-532-5p	-1.692591212	7.030733178	-7.20504570776684	7.12187593374464e-05	0.00432908315686907	1.88789239578439
hsa-miR-210	4.478632264	8.321870738	7.11483333639518	7.81209991678981e-05	0.00443206468612542	1.78948837383592
hsa-miR-28-3p	1.296291278	2.831972117	6.6298945413878	0.00013043546908408	0.00653604143110178	1.24359225029322
hsa-miR-342-3p	1.104196286	8.788205757	6.62896379608489	0.000130567220127768	0.00653604143110178	1.24251634954973
hsa-miR-508-3p	-2.9993184424	1.5479701208	-6.38118828766254	0.000171449694138739	0.00767914156379301	0.952137632307078
hsa-miR-9*	-3.16994629784	2.17779565308	-6.28814940739653	0.000190277294869951	0.0080962988967164	0.841034154876374
hsa-miR-509-5p	-2.38562629064	1.50852289868	-6.12878620988242	0.000228019475550576	0.00924021779493049	0.648053786689704
hsa-miR-514	-4.17085773408	4.27338218296	-6.07119809794947	0.000243618079002112	0.00942359023776353	0.577477006862273
hsa-miR-188-3p	-1.4424588116	0.7695403054	-5.96950978361153	0.000274095106670345	0.00952798815437049	0.451751112288663
hsa-miR-16-2*	1.477351742	3.056113995	5.96413140904592	0.000275819447896163	0.00952798815437049	0.445061954214792
hsa-miR-224	3.831002096	5.125994686	5.95153179190776	0.000279905644958005	0.00952798815437049	0.429376069912412
hsa-miR-363	-2.199406488	7.722410976	-5.68870918487848	0.000382199126054418	0.0125096713950888	0.0971555362517558
hsa-miR-136	-1.107402346	3.764985309	-5.41634605453014	0.000532981542469757	0.0158528215841584	-0.257391668274661
hsa-miR-532-3p	-1.541164828	6.281592072	-5.37903368013302	0.000558265652054493	0.0158528215841584	-0.306788128717346
hsa-miR-660	-1.54868215	8.479423705	-5.35188627037143	0.000577482337378273	0.0158528215841584	-0.342853387111042
hsa-miR-330-3p	1.34711185	2.705439679	5.23368648315172	0.00066996747381453	0.0161052745463598	-0.501120184497219
hsa-miR-362-3p	-1.400261002	7.008456039	-5.20964405683608	0.000690686028826913	0.0161052745463598	-0.533559577071567
hsa-miR-218	-2.354080066	6.638187789	-5.16683285552229	0.000729324956398458	0.0161052745463598	-0.591530109811131
hsa-miR-1271	1.990177236	4.254771464	5.16215211722733	0.000733690033349323	0.0161052745463598	-0.597884392648079
hsa-miR-181d	1.281175318	4.995069315	5.16187761837654	0.000733946900686129	0.0161052745463598	-0.598257134028051
hsa-miR-507	-2.1897488744	1.1431853368	-5.1574755915858	0.000738079562054093	0.0161052745463598	-0.604236128789736
hsa-miR-181c	1.335343232	5.703171194	5.12388422201116	0.000770461154946176	0.0163706680281371	-0.649953706850475
hsa-miR-509-3-5p	-2.18345024902	1.14701956949	-5.10561697676716	0.000788716085961954	0.0163706680281371	-0.674883993593997
hsa-miR-506	-2.45872177032	1.60521559684	-4.92529758381867	0.000996376343245782	0.0197267795104044	-0.92357489215203
hsa-miR-1280	-1.356806338	8.691603751	-4.92499562522131	0.000996770292535121	0.0197267795104044	-0.923995303017557
hsa-miR-155	2.634714382	6.905716855	4.80976283424546	0.00116019081458771	0.0214635300698726	-1.08539658337533
hsa-miR-452	2.498539836	4.588696986	4.77330569032777	0.0012177667328348	0.0216465261057169	-1.13686064016298
hsa-miR-629*	1.173648802	2.323280345	4.75586825103152	0.00124639221995314	0.0216465261057169	-1.16154373647668
hsa-miR-124	-2.94733200642	2.94061328079	-4.72751874939056	0.00129449695017477	0.0217762492983042	-1.20176669857599
hsa-miR-143*	1.453309236	4.928458518	4.7214579169841	0.00130503961717217	0.0217762492983042	-1.21038097734567
hsa-miR-885-5p	3.4639124302	2.8755121669	4.67076997218378	0.00139693357646072	0.0228613552609245	-1.28263072530367
hsa-miR-362-5p	-1.36058909	6.513038473	-4.54995158910227	0.00164541060232426	0.0262724975875984	-1.45632636955098
hsa-miR-184	-2.78448540632	1.93318796684	-4.54034815696425	0.00166711500555853	0.0262724975875984	-1.47022199573789
hsa-miR-146a	1.304871574	7.898557595	4.38168674881844	0.00207416798024545	0.0303487049836282	-1.70167563006861
hsa-miR-21*	1.790082112	5.857667446	4.32767803627116	0.00223617960310442	0.031716480704031	-1.78126297757479
hsa-miR-195	1.01724636	11.10478534	4.27210752914767	0.00241717207447825	0.0337215317275572	-1.86356944159712
hsa-miR-10a	-1.39296115	10.556676825	-4.11963717322408	0.00299952362357089	0.0405021917553208	-2.09153071706941
hsa-miR-30b*	-1.106686022	3.470116651	-4.10028654698619	0.0030835751688913	0.0405021917553208	-2.12068171041235
hsa-miR-30d	-1.07782738	10.05531095	-4.03782677249227	0.00337252485553241	0.0424689161477631	-2.2151047246882
hsa-miR-595	1.075491092	2.13005202	4.03490557634165	0.00338672917024616	0.0424689161477631	-2.21953302617091
hsa-let-7i*	1.191041582	2.819617285	3.92619508071784	0.00396354697744446	0.046312721320394	-2.38508907887697
hsa-miR-9	-2.94344613408	3.62593935496	-3.89277745124498	0.00416127672182684	0.0478546823010086	-2.43627259026195
