geneNames	GSM1831923	GSM1831924	GSM1831925	GSM1831926	GSM1831927	GSM1831928	GSM1831929	GSM1831930	GSM1831931	GSM1831932
hsa-let-7a	13.49453	14.841238	13.900181	14.841238	14.206847	14.206847	13.270214	14.841238	13.900181	13.697244
hsa-let-7a*	2.4993124	2.7995932	3.930924	2.9604216	3.3756933	2.9604216	1.9250283	2.6155617	3.5477252	3.138756
hsa-let-7b	12.910224	12.684018	12.684018	13.270214	13.09939	13.270214	12.629835	13.09939	12.684018	12.684018
hsa-let-7b*	4.7305217	4.335806	4.67783	3.7310581	4.3949013	3.9235969	3.7310581	3.8381643	4.51873	3.8302844
hsa-let-7c	11.609162	11.839785	11.518273	11.792867	11.792867	11.839785	11.518273	11.933301	11.518273	11.518273
hsa-let-7c*	0.08223072	0.000444	0.11855025	0.6231096	0.07007034	0.011321343	0.000727	0.006079325	0.19031447	0.34005597
hsa-let-7d	10.91479	10.693974	10.840513	10.566463	10.91479	10.639211	10.247543	10.525221	10.693974	10.619861
hsa-let-7d*	2.735803	2.6400843	3.166109	2.2903295	2.8761618	2.3595853	1.8018587	1.4597622	2.8371327	1.8262148
hsa-let-7e	10.247543	10.773218	10.639211	10.731958	10.731958	10.731958	9.732384	10.91479	9.914982	10.566463
hsa-let-7e*	1.9804901	3.2535722	3.2317214	2.631994	2.8996882	3.1094959	1.0533395	2.4388273	3.3603723	2.8116786
hsa-let-7f	13.697244	14.206847	13.697244	14.206847	13.900181	13.900181	13.09939	13.900181	13.697244	13.49453
hsa-let-7f-1*	4.5752277	4.2571983	4.5513477	3.765623	4.3166533	4.1607065	3.4734416	3.9235969	4.3949013	4.210081
hsa-let-7f-2*	1.2415673	0.56743056	1.5649312	0.50189495	1.067471	1.0048901	0.057330355	0.20449498	2.71378	0.24461512
hsa-let-7g	11.974354	11.933301	11.792867	11.839785	11.609162	11.933301	11.76724	11.76724	11.427229	11.695541
hsa-let-7g*	1.8843161	1.1385406	0.11855025	0.7534026	1.4597622	0.011321343	0.20449498	0.006079325	0.19031447	0.8841999
hsa-let-7i	12.0795	10.639211	11.341798	10.525221	11.518273	10.693974	11.883064	11.210882	11.210882	11.158666
hsa-let-7i*	3.0834618	2.6155617	3.8302844	1.5649312	3.6406674	2.16617	2.8116786	2.153812	3.6567318	2.8761618
hsa-miR-1	4.3807898	6.4651303	6.8912277	6.679445	4.9382644	6.1378264	7.7414174	8.164164	5.416406	6.5765433
hsa-miR-100	9.110054	10.023244	8.734195	9.914982	9.316978	10.023244	10.298751	9.961458	10.427974	9.460189
hsa-miR-100*	0.08223072	0.000444	0.11855025	0	0.8841999	0.011321343	0.000727	2.71378	1.9083738	0.003371571
hsa-miR-101	10.075248	9.961458	10.479397	9.880325	10.566463	9.83853	9.460189	9.732384	10.298751	9.696369
hsa-miR-101*	3.048843	2.7720535	4.124296	2.4870682	4.3014	2.8116786	1.6089164	1.9383255	3.9491067	2.3297794
hsa-miR-103	10.639211	10.566463	10.693974	10.619861	10.773218	10.371177	10.427974	10.427974	10.619861	10.639211
hsa-miR-103-as	0.08223072	0.37573308	0.11855025	0	0.07007034	0.011321343	0.000727	0.006079325	0.19031447	0.003371571
hsa-miR-105	1.3436166	0.000444	0.11855025	0	0.07007034	0.011321343	0.000727	0.006079325	0.19031447	0.10321286
hsa-miR-105*	0.08223072	0.000444	0.11855025	0	0.07007034	0.011321343	0.000727	0.006079325	0.19031447	0.003371571
hsa-miR-106a*	0.08223072	0.9437296	0.11855025	0	0.07007034	1.6518408	0.000727	0.7431772	0.19031447	0.6569996
hsa-miR-106b	10.183014	8.99977	10.371177	8.87135	9.880325	9.026817	9.229761	8.769157	9.961458	9.026817
hsa-miR-106b*	0.08223072	0.000444	0.11855025	0	0.07007034	0.011321343	0.000727	0.006079325	0.19031447	0.003371571
hsa-miR-107	11.427229	11.25604	11.030231	11.25604	10.840513	11.030231	10.525221	11.089185	11.030231	10.91479
hsa-miR-10a	10.479397	11.427229	10.183014	11.210882	10.479397	11.427229	9.193787	11.427229	8.972538	10.773218
hsa-miR-10a*	3.6277144	4.3014	3.2890677	3.986793	4.0889254	4.3807898	1.9804901	4.0514994	0.19031447	3.8171942
hsa-miR-10b	11.76724	13.09939	11.883064	12.803383	12.419932	12.910224	10.639211	12.803383	11.341798	12.233259
hsa-miR-10b*	5.1469955	6.498578	5.7887173	5.9307814	5.8321095	5.8928413	3.986793	5.707053	5.629952	4.9931893
hsa-miR-1178	0.08223072	0.3792815	0.11855025	0	0.07007034	0.011321343	0.000727	0.006079325	0.19031447	0.003371571
hsa-miR-1179	0.08223072	0.000444	0.11855025	0	0.07007034	0.011321343	0.000727	0.006079325	0.19031447	0.003371571
hsa-miR-1180	2.9297047	2.6917944	2.5481093	2.8855913	2.5769129	1.9804901	3.8632214	3.066185	0.19031447	2.9928389
hsa-miR-1181	4.4969664	3.676304	4.347533	3.4346251	4.1607065	3.6101167	5.2306614	3.765623	4.9931893	4.647464
hsa-miR-1182	0.08223072	2.9510522	1.2863382	3.5824022	1.6518408	2.3400574	4.873591	4.2571983	0.19031447	3.5824022
hsa-miR-1183	2.8855913	3.765623	3.1913	4.3014	2.8855913	3.3756933	5.9059052	5.074978	2.4388273	4.335806
hsa-miR-1184	0.08223072	0.000444	0.11855025	0	0.07007034	0.011321343	0.000727	0.006079325	0.19031447	0.003371571
hsa-miR-1185	0.08223072	0.000444	0.11855025	0.31246406	0.07007034	0.011321343	0.000727	0.006079325	0.19031447	0.41831526
hsa-miR-1197	0.08223072	0.000444	0.11855025	0	0.07007034	0.011321343	0.000727	0.006079325	0.19031447	0.003371571
hsa-miR-1200	0.08223072	0.000444	0.11855025	0	0.07007034	0.011321343	0.000727	0.006079325	0.19031447	0.003371571
hsa-miR-1201	3.391591	3.4734416	3.7925918	3.2399526	3.6567318	3.8836477	2.4388273	3.212474	4.9563103	4.015366
hsa-miR-1202	10.023244	10.247543	9.193787	10.693974	8.99977	10.183014	13.900181	12.164293	10.123968	12.558078
hsa-miR-1203	0.08223072	0.34005597	0.11855025	1.2986062	0.07007034	0.6287672	1.4485786	1.1385406	0.19031447	0.910432
hsa-miR-1204	0.08223072	0.000444	0.11855025	0	0.07007034	0.011321343	0.32742676	0.006079325	0.19031447	0.003371571
hsa-miR-1205	0.08223072	0.000444	0.11855025	0	0.07007034	0.011321343	0.000727	0.006079325	0.19031447	0.003371571
hsa-miR-1206	0.08223072	0.000444	0.11855025	0	0.07007034	0.011321343	0.000727	0.006079325	0.19031447	0.003371571
hsa-miR-1207-3p	0.08223072	0.6287672	1.104405	0.589295	1.0350771	0.011321343	0.11811447	0.006079325	0.19031447	0.31246406
hsa-miR-1207-5p	8.211876	8.553369	7.9429965	9.696369	7.675153	8.123644	12.490204	10.247543	8.769157	10.247543
hsa-miR-1208	1.1817898	2.0639184	1.9527682	1.9954691	1.3210783	1.9383255	3.7495604	2.735803	0.19031447	2.3400574
hsa-miR-122	7.9429965	0.000444	5.9931536	0	7.478132	0.011321343	0.18284816	0.006079325	4.647464	0.003371571
hsa-miR-122*	4.9931893	1.3689182	3.3088498	0	4.5513477	0.011321343	0.000727	0.006079325	2.589239	0.10692609
hsa-miR-1224-3p	0.99235326	0.000444	0.11855025	0.1282525	2.0470438	0.011321343	0.000727	0.006079325	0.19031447	0.003371571
hsa-miR-1224-5p	4.9382644	5.3422093	5.074978	5.4470434	4.9931893	5.281101	6.9881263	6.2527776	4.720235	5.504656
hsa-miR-1225-3p	4.720235	4.3807898	4.7074404	3.9491067	4.4233894	4.124296	4.616234	4.1069703	4.750649	4.237851
hsa-miR-1225-5p	8.082776	8.769157	7.599738	9.732384	7.561158	8.383478	11.933301	9.83853	8.256184	9.961458
hsa-miR-1226	0.08223072	0.000444	0.11855025	0	0.07007034	0.011321343	0.000727	0.006079325	0.19031447	0.003371571
hsa-miR-1226*	3.4152017	4.1069703	3.3429248	4.124296	3.3603723	3.2243865	5.629952	4.407004	3.676304	4.0323405
hsa-miR-1227	3.911727	3.166109	3.5921094	2.71378	3.4495544	3.126109	2.16617	2.8116786	3.7737408	3.212474
hsa-miR-1228	5.416406	5.074978	5.3998566	5.05023	5.0955167	5.05023	5.707053	4.8251076	5.1469955	5.111472
hsa-miR-1228*	0.08223072	0.65287936	0.11855025	0.3674797	0.07007034	0.011321343	2.589239	1.1273245	1.9804901	0.9796955
hsa-miR-1229	3.5921094	3.2598052	3.4734416	2.0908327	3.2317214	3.0087588	2.7265787	2.4870682	3.5661838	2.9297047
hsa-miR-1231	0.08223072	0.000444	0.11855025	0	0.07007034	0.011321343	0.000727	0.006079325	0.19031447	0.003371571
hsa-miR-1233	2.16617	1.1273245	1.8018587	0.54466844	0.07007034	0.3792815	0.000727	0.006079325	0.19031447	0.317438
hsa-miR-1234	5.2306614	4.892259	5.281101	4.750649	5.05023	4.915246	5.3422093	4.5924954	5.4470434	4.915246
hsa-miR-1236	1.9083738	0.49299058	1.8523827	0.713963	1.8843161	0.84620774	0.41831526	0.006079325	0.19031447	0.19952978
hsa-miR-1237	4.2880197	4.0514994	4.2571983	3.6912434	4.141714	3.7310581	3.9235969	3.6912434	4.0514994	3.7086675
hsa-miR-1238	5.131013	4.6048746	5.131013	4.51873	4.800903	4.616234	4.56459	4.364797	4.905387	4.5752277
hsa-miR-124	2.9510522	4.9382644	2.0470438	4.7074404	2.16617	4.720235	0.050744627	3.8171942	0.19031447	3.875501
hsa-miR-124*	0.08223072	0.18284816	0.11855025	0	0.07007034	0.011321343	0.000727	0.006079325	0.19031447	0.003371571
hsa-miR-1243	0.08223072	0.000444	0.11855025	0	0.07007034	0.011321343	0.000727	0.006079325	0.19031447	0.003371571
hsa-miR-1244	0.08223072	0.000444	0.11855025	2.0752022	0.07007034	0.011321343	1.274134	0.006079325	0.19031447	0.003371571
hsa-miR-1245	0.08223072	0.000444	0.11855025	0	0.07007034	0.011321343	0.000727	0.006079325	0.19031447	0.003371571
hsa-miR-1246	6.4651303	7.9429965	7.561158	8.312161	6.600952	7.191196	11.25604	9.276394	6.0907516	9.35821
hsa-miR-1247	0.08223072	0.5858195	1.7859828	0.008005727	0.07007034	0.6760249	1.067471	0.6231096	0.19031447	0.3600626
hsa-miR-1248	0.08223072	0.000444	0.11855025	0	0.07007034	0.011321343	0.000727	0.006079325	0.19031447	0.003371571
hsa-miR-1249	4.9772887	4.905387	5.0119786	5.3299885	4.8444824	4.6629615	6.194475	4.800903	5.0955167	5.0955167
hsa-miR-1250	0.08223072	0.000444	0.11855025	0.07810911	0.07007034	0.011321343	1.5959518	1.2004986	0.19031447	0.003371571
hsa-miR-1251	0.08223072	0.000444	0.11855025	0	0.07007034	0.011321343	0.000727	0.006079325	0.19031447	0.003371571
hsa-miR-1252	0.08223072	0.000444	0.11855025	0	0.07007034	0.011321343	0.000727	0.006079325	0.19031447	0.003371571
hsa-miR-1253	0.08223072	0.000444	0.11855025	0	0.07007034	0.011321343	0.000727	0.006079325	0.19031447	0.003371571
hsa-miR-1254	0.08223072	0.000444	0.11855025	0	0.07007034	0.011321343	0.42475	0.006079325	0.19031447	0.003371571
hsa-miR-1255a	0.08223072	0.000444	0.11855025	0	0.07007034	0.011321343	0.000727	0.006079325	0.19031447	0.003371571
hsa-miR-1255b	0.08223072	0.000444	0.11855025	0	0.07007034	0.011321343	0.8935423	0.40841487	0.19031447	0.003371571
hsa-miR-1256	0.08223072	0.000444	0.11855025	0	0.07007034	0.011321343	0.000727	0.006079325	0.19031447	0.003371571
hsa-miR-1257	0.08223072	0.000444	0.11855025	0	0.07007034	0.011321343	0.000727	0.006079325	0.19031447	0.003371571
hsa-miR-1258	0.08223072	0.11403635	0.11855025	3.3088498	0.07007034	0.011321343	0.29859182	0.006079325	0.19031447	0.003371571
hsa-miR-1259	0.08223072	0.000444	0.11855025	0	0.07007034	0.011321343	0.000727	0.006079325	0.19031447	0.003371571
hsa-miR-125a-3p	5.6680403	6.3099318	5.550952	7.675153	5.610925	6.8509903	9.57016	7.8517346	5.8321095	7.662489
hsa-miR-125a-5p	8.70792	9.087651	8.835585	8.835585	8.70792	8.99977	7.3916683	9.065633	8.189535	8.769157
hsa-miR-125b	11.518273	12.047908	11.25604	12.1213875	11.76724	12.1213875	12.684018	12.629835	11.158666	12.164293
hsa-miR-125b-1*	0.08223072	0.26776007	0.11855025	0.023438832	0.07007034	0.011321343	3.9938762	0.006079325	0.19031447	0.32742676
hsa-miR-125b-2*	4.407004	4.4611998	3.986793	4.2750583	4.9563103	4.5338297	4.67783	4.56459	3.5921094	4.1607065
hsa-miR-126	13.270214	11.883064	12.803383	11.883064	13.697244	11.792867	11.792867	11.792867	12.910224	12.047908
hsa-miR-126*	9.880325	8.336239	9.460189	8.483915	9.83853	8.590896	8.040326	8.312161	9.696369	8.483915
hsa-miR-1260	11.030231	11.518273	11.427229	10.91479	11.030231	11.089185	9.35821	10.944666	12.558078	11.883064
hsa-miR-1261	0.08223072	0.000444	0.11855025	0.37573308	0.07007034	1.4341166	0.81070215	0.006079325	0.19031447	0.29859182
hsa-miR-1262	0.08223072	0.000444	0.11855025	0	0.07007034	0.011321343	0.000727	0.006079325	0.19031447	0.003371571
hsa-miR-1263	0.08223072	0.000444	0.11855025	0	0.07007034	0.011321343	0.000727	0.006079325	2.3157208	0.003371571
hsa-miR-1264	0.08223072	0.000444	0.11855025	0	0.07007034	0.011321343	0.000727	0.006079325	0.19031447	0.003371571
hsa-miR-1265	0.08223072	0.000444	0.11855025	0	0.07007034	0.011321343	0.000727	0.006079325	0.19031447	0.003371571
hsa-miR-1266	0.08223072	0.000444	0.11855025	0	0.07007034	0.42475	0.49670017	0.81802803	0.19031447	0.003371571
hsa-miR-1267	3.5103865	3.1913	3.911727	2.4085822	3.126109	2.9928389	2.2759593	2.8371327	3.402174	3.2399526
hsa-miR-1268	6.7013764	7.064089	6.6275764	7.3916683	5.9307814	6.364216	8.809094	7.599738	6.2370434	7.537001
hsa-miR-1269	0.08223072	0.000444	0.11855025	0	0.07007034	0.011321343	0.000727	0.006079325	0.19031447	0.003371571
hsa-miR-127-3p	5.111472	4.9563103	2.6794076	4.616234	2.9928389	5.0955167	5.111472	4.6629615	2.2903295	4.5513477
hsa-miR-127-5p	0.08223072	0.000444	0.11855025	0	0.07007034	0.011321343	0.78020024	0.6287672	0.19031447	0.003371571
hsa-miR-1270	0.08223072	0.000444	0.11855025	0.56743056	1.119526	0.011321343	0.61340237	0.6018823	3.0834618	0.003371571
hsa-miR-1271	5.6493835	3.4152017	5.368298	3.2317214	5.111472	3.402174	3.8998406	3.3429248	6.2527776	2.918581
hsa-miR-1272	0.08223072	0.000444	0.11855025	0	0.07007034	0.011321343	0.000727	0.006079325	0.19031447	0.003371571
hsa-miR-1273	0.08223072	0.000444	0.11855025	0	0.07007034	0.011321343	0.000727	0.006079325	2.0470438	0.003371571
hsa-miR-1274a	8.734195	7.561158	9.696369	7.662489	8.948906	7.537001	7.1297812	7.064089	10.183014	8.082776
hsa-miR-1274b	12.419932	11.341798	13.49453	11.427229	12.629835	11.341798	10.731958	11.030231	13.49453	12.0795
hsa-miR-1275	5.3299885	5.9059052	5.7505164	6.6462984	5.2306614	5.504656	8.513855	6.913951	5.0292206	6.3809834
hsa-miR-1276	0.08223072	0.43377385	0.11855025	0.68925166	0.07007034	0.011321343	1.1918834	1.1817898	0.19031447	0.003371571
hsa-miR-1277	0.08223072	0.000444	0.11855025	0	0.07007034	0.011321343	0.000727	0.006079325	0.19031447	0.003371571
hsa-miR-1278	0.08223072	0.000444	0.11855025	0	0.07007034	0.011321343	0.000727	0.006079325	0.19031447	0.003371571
hsa-miR-1279	0.08223072	0.000444	0.11855025	0	0.07007034	0.5154953	0.000727	0.006079325	0.19031447	0.003371571
hsa-miR-128	6.7281866	6.6275764	6.938542	6.2149215	6.4361534	6.7013764	5.6493835	5.9591036	7.0424895	6.5391617
hsa-miR-1280	7.3332376	9.399277	8.061112	9.399277	8.458505	9.914982	7.7070894	8.87135	8.513855	9.276394
hsa-miR-1281	4.905387	4.5513477	4.9931893	4.1843405	4.6048746	4.2880197	4.2571983	4.2290063	4.873591	4.2880197
hsa-miR-1282	0.08223072	0.000444	0.11855025	0	0.07007034	0.011321343	0.000727	0.006079325	0.19031447	0.003371571
hsa-miR-1283	0.08223072	0.000444	0.11855025	0	0.07007034	0.011321343	0.000727	0.006079325	0.19031447	0.003371571
hsa-miR-1284	0.08223072	0.000444	0.11855025	0	0.07007034	0.011321343	0.000727	0.006079325	0.19031447	0.003371571
hsa-miR-1285	3.099845	3.6101167	3.0834618	3.3603723	2.7995932	3.3603723	4.1069703	3.7925918	2.3400574	3.2317214
hsa-miR-1286	0.08223072	0.000444	0.11855025	0.054954924	0.07007034	0.011321343	0.000727	0.589295	0.19031447	0.7087233
hsa-miR-1287	0.08223072	4.1843405	1.1817898	0.317438	2.153812	0.87393737	0.83258027	0.23385124	0.19031447	0.9437296
hsa-miR-1288	5.074978	4.1607065	3.4495544	3.7086675	4.67783	3.875501	3.8472943	3.4152017	4.5752277	3.808118
hsa-miR-1289	0.08223072	0.000444	0.11855025	0	0.07007034	0.011321343	0.000727	0.006079325	0.19031447	0.003371571
hsa-miR-129*	4.0514994	4.51873	3.8472943	3.8632214	3.5921094	4.347533	2.658009	3.7310581	3.6912434	4.5924954
hsa-miR-129-3p	4.3949013	3.9938762	4.1843405	3.4495544	3.930924	3.7925918	3.0307438	5.111472	4.015366	3.765623
hsa-miR-129-5p	0.08223072	1.274134	0.11855025	1.7500193	0.07007034	1.5649312	2.1377451	2.6794076	0.19031447	2.4725208
hsa-miR-1290	5.1542673	4.56459	5.2306614	4.7884808	4.335806	4.407004	7.788517	5.6493835	4.407004	6.2972136
hsa-miR-1291	0.08223072	0.81070215	0.11855025	1.2312561	0.07007034	0.70613605	2.7995932	2.825447	0.19031447	1.5649312
hsa-miR-1292	2.3297794	1.5542203	1.6656879	0.64536595	1.8631109	1.3436166	0.37573308	0.006079325	0.19031447	0.54466844
hsa-miR-1293	0.08223072	0.000444	0.11855025	0	0.07007034	0.011321343	0.000727	0.006079325	0.19031447	0.003371571
hsa-miR-1294	0.08223072	0.000444	0.11855025	0	0.07007034	0.011321343	0.000727	0.006079325	0.19031447	0.003371571
hsa-miR-1295	0.08223072	0.10106276	1.3210783	0	0.07007034	0.011321343	0.70613605	0.3600626	0.19031447	0.78020024
hsa-miR-1296	1.5542203	1.2545046	2.2546935	0.77269304	2.3400574	0.74025226	0.6353767	0.96041304	0.19031447	0.91868055
hsa-miR-1297	0.08223072	0.000444	0.11855025	0	0.07007034	0.011321343	0.000727	0.006079325	0.19031447	0.003371571
hsa-miR-1298	0.08223072	0.000444	0.11855025	0	0.07007034	0.011321343	0.000727	0.006079325	0.19031447	0.003371571
hsa-miR-1299	1.6089164	2.5200517	2.71378	3.1497176	1.3689182	1.2986062	4.0323405	3.391591	0.19031447	3.1094959
hsa-miR-1300	4.3166533	5.0119786	5.707053	6.4361534	6.3809834	5.0119786	6.4651303	6.178402	4.141714	5.550952
hsa-miR-1301	0.08223072	0.5780783	1.3689182	1.5136147	1.695743	1.2863382	1.3808309	1.119526	0.19031447	0.5154953
hsa-miR-1302	0.08223072	0.000444	0.11855025	0	0.07007034	0.011321343	0.000727	0.006079325	0.19031447	0.003371571
hsa-miR-1303	0.08223072	1.3534564	1.0888243	1.2863382	0.07007034	0.96041304	2.033608	1.5959518	0.19031447	0.56743056
hsa-miR-1304	0.08223072	0.000444	0.11855025	0	0.07007034	0.011321343	0.000727	0.006079325	0.19031447	0.003371571
hsa-miR-1305	6.600952	6.556769	5.6895275	5.7887173	6.2527776	6.600952	6.2527776	5.7505164	6.5765433	6.4361534
hsa-miR-1306	2.5769129	2.5377688	3.424332	2.3157208	2.557493	1.8262148	3.3219917	1.6518408	0.19031447	1.728057
hsa-miR-1307	3.1913	2.781714	2.9374838	1.274134	2.5377688	2.4388273	2.735803	1.679719	2.7265787	2.8996882
hsa-miR-1308	8.809094	8.256184	8.513855	9.229761	9.026817	9.110054	11.427229	9.510159	8.948906	9.57016
hsa-miR-130a	10.944666	10.731958	10.247543	10.479397	10.944666	10.619861	10.479397	10.840513	10.944666	10.479397
hsa-miR-130a*	0.08223072	0.000444	0.11855025	0.32742676	0.07007034	0.011321343	0.000727	0.006079325	0.19031447	0.003371571
hsa-miR-130b	6.6462984	4.67783	5.8321095	4.4969664	5.8055696	4.9772887	5.131013	4.2750583	6.3099318	6.194475
hsa-miR-130b*	0.91868055	0.81802803	0.11855025	0.4712965	1.104405	0.5858195	0.21156786	0.006079325	3.2988157	0.40841487
hsa-miR-132	5.7887173	5.0292206	6.105337	4.915246	5.7505164	5.5816145	4.9772887	5.550952	5.2177753	6.812386
hsa-miR-132*	2.658009	2.4507933	3.8171942	2.2437553	3.5661838	3.0834618	2.0210736	3.1497176	2.4507933	4.364797
hsa-miR-1321	0.08223072	1.9640137	0.11855025	3.808118	0.07007034	1.6656879	3.535309	3.2769027	0.19031447	2.1377451
hsa-miR-1322	0.08223072	0.000444	0.11855025	0.7647074	0.07007034	0.011321343	0.000727	0.006079325	0.19031447	0.003371571
hsa-miR-1323	2.1855462	1.7500193	2.3157208	2.9374838	1.3808309	1.5779903	4.335806	2.5769129	1.9640137	3.126109
hsa-miR-1324	0.08223072	0.000444	0.11855025	0	0.07007034	0.011321343	0.000727	0.006079325	0.19031447	0.003371571
hsa-miR-133a	3.2535722	3.4495544	3.7495604	3.138756	3.0307438	3.066185	3.5216963	3.535309	3.911727	3.391591
hsa-miR-133b	3.8998406	5.1469955	5.416406	5.074978	3.7310581	4.800903	5.8928413	6.2972136	4.073622	5.255066
hsa-miR-134	4.873591	4.915246	4.9382644	5.9591036	4.4819427	4.905387	9.152004	6.556769	5.5291867	6.556769
hsa-miR-135a	7.3916683	9.83853	2.781714	10.075248	8.9056225	9.696369	3.2535722	9.229761	7.226535	9.316978
hsa-miR-135a*	3.535309	3.3219917	2.918581	4.0889254	3.138756	3.0202317	5.0955167	3.6567318	4.2571983	4.0889254
hsa-miR-135b	6.364216	6.9881263	6.3809834	7.15733	6.2972136	7.064089	3.402174	6.938542	6.9881263	7.599738
hsa-miR-135b*	0.08223072	0.000444	0.11855025	0	0.07007034	0.011321343	0.000727	0.006079325	0.19031447	0.003371571
hsa-miR-136	3.3603723	4.407004	2.7265787	4.4611998	3.0087588	4.4233894	3.8302844	4.347533	3.126109	3.9435663
hsa-miR-136*	2.1059718	2.9713433	0.11855025	2.6794076	0.07007034	3.2535722	2.7720535	3.0834618	0.19031447	2.631994
hsa-miR-137	0.08223072	0.000444	0.11855025	0	0.07007034	0.011321343	0.10106276	0.006079325	0.19031447	0.003371571
hsa-miR-138	1.1734045	5.4470434	0.11855025	4.9772887	0.07007034	5.6493835	1.1605239	4.472706	0.19031447	4.7305217
hsa-miR-138-1*	0.8935423	1.3436166	1.7763907	0.18284816	1.4192284	0.78020024	0.99235326	0.64536595	1.695743	1.104405
hsa-miR-138-2*	1.9954691	2.153812	1.8631109	1.9383255	2.658009	2.2211378	2.5377688	2.5481093	0.19031447	2.1855462
hsa-miR-139-3p	4.8251076	4.8444824	4.1965575	5.0292206	4.873591	4.8444824	5.0119786	4.4233894	4.347533	4.892259
hsa-miR-139-5p	6.2370434	6.2370434	5.4470434	6.400922	6.556769	6.5765433	4.015366	6.2149215	5.7505164	5.629952
hsa-miR-140-3p	9.696369	9.152004	9.732384	9.276394	9.57016	9.229761	9.83853	9.193787	9.316978	8.99977
hsa-miR-140-5p	9.399277	9.026817	9.880325	9.193787	9.510159	9.087651	9.399277	9.152004	9.276394	8.809094
hsa-miR-141	1.4485786	8.513855	2.5769129	8.211876	1.7859828	8.513855	1.2415673	8.948906	1.631498	7.9976006
hsa-miR-141*	0.08223072	0.78020024	0.11855025	0	0.07007034	0.011321343	0.000727	0.6569996	0.19031447	1.3210783
hsa-miR-142-3p	10.427974	8.948906	10.731958	8.734195	10.298751	10.075248	12.047908	9.460189	11.974354	11.210882
hsa-miR-142-5p	6.9881263	4.364797	6.9881263	4.647464	6.7013764	5.6680403	8.383478	4.915246	8.458505	7.15733
hsa-miR-143	8.99977	9.619687	10.91479	9.510159	10.525221	9.619687	10.91479	10.693974	9.619687	10.075248
hsa-miR-143*	5.0292206	3.8381643	6.2527776	3.8836477	5.871452	3.7737408	5.504656	4.9563103	5.610925	4.56459
hsa-miR-144	8.061112	6.6462984	8.483915	6.024177	7.15733	6.2370434	8.99977	4.4819427	8.288671	7.879633
hsa-miR-144*	6.194475	4.800903	5.8530226	3.8171942	4.237851	4.2290063	6.938542	2.589239	5.726696	5.7505164
hsa-miR-145	10.298751	11.030231	12.558078	11.695541	11.883064	11.25604	12.558078	12.233259	10.840513	11.341798
hsa-miR-145*	5.7505164	5.7887173	7.662489	6.194475	6.9881263	5.9931536	7.191196	6.7744746	6.2771244	6.0907516
hsa-miR-1468	0.08223072	0.000444	0.11855025	0	0.07007034	0.011321343	0.000727	0.006079325	0.19031447	0.003371571
hsa-miR-1469	1.2545046	0.6353767	0.11855025	0.5986388	0.07007034	0.011321343	3.6406674	1.4974993	0.19031447	1.3808309
hsa-miR-146a	8.835585	7.226535	8.3525915	7.226535	8.211876	7.3332376	9.510159	7.007311	7.831469	7.3686876
hsa-miR-146a*	1.0888243	0.32742676	0.11855025	0.5858195	0.07007034	1.9083738	0.000727	0.006079325	0.19031447	0.003371571
hsa-miR-146b-3p	1.3990433	0.000444	0.11855025	0	0.07007034	0.011321343	0.000727	0.006079325	0.19031447	0.003371571
hsa-miR-146b-5p	9.961458	8.164164	7.675153	7.561158	8.483915	8.458505	8.553369	7.478132	8.87135	9.152004
hsa-miR-147	0.08223072	0.000444	0.11855025	0	0.07007034	0.011321343	0.000727	0.006079325	0.19031447	0.003371571
hsa-miR-1470	3.4644527	3.1497176	3.6101167	2.7265787	3.5477252	2.9374838	2.8855913	2.3922403	3.535309	2.9821656
hsa-miR-1471	2.0639184	4.246606	3.0087588	4.9931893	2.1377451	3.3088498	5.368298	4.7305217	0.19031447	3.9235969
hsa-miR-147b	0.08223072	0.000444	0.11855025	0	0.07007034	0.011321343	0.000727	0.006079325	0.19031447	0.003371571
hsa-miR-148a	9.510159	10.123968	9.961458	10.023244	9.961458	9.797582	9.087651	9.880325	10.023244	9.619687
hsa-miR-148a*	0.08223072	0.000444	0.11855025	1.8843161	0.07007034	0.011321343	0.000727	0.006079325	0.19031447	0.50189495
hsa-miR-148b	7.3686876	7.831469	7.831469	7.7070894	8.189535	7.9429965	6.600952	7.7070894	7.675153	7.478132
hsa-miR-148b*	1.274134	1.022076	1.3990433	0.5226201	0.7647074	1.1918834	0.000727	0.5154953	0.19031447	0.81802803
hsa-miR-149	4.5338297	4.720235	4.892259	4.472706	4.5752277	5.1469955	4.1843405	4.7884808	4.616234	4.8251076
hsa-miR-149*	0.96041304	2.9374838	1.695743	3.6567318	0.78792554	1.9250283	4.51873	3.2890677	2.8996882	2.908617
hsa-miR-150	7.831469	6.7281866	8.553369	7.064089	8.123644	8.189535	10.693974	7.561158	8.383478	9.797582
hsa-miR-150*	4.6629615	5.05023	5.111472	5.5816145	4.892259	4.7884808	7.3332376	6.0565457	4.67783	6.024177
hsa-miR-151-3p	7.9028044	7.2612143	7.8517346	7.0424895	7.7414174	7.1297812	5.9931536	6.600952	7.537001	6.679445
hsa-miR-151-5p	10.371177	9.914982	10.525221	9.619687	10.619861	9.880325	8.948906	9.619687	9.797582	9.510159
hsa-miR-152	6.5765433	6.5765433	6.03896	6.6275764	7.226535	6.4361534	6.498578	6.3099318	6.7281866	6.2527776
hsa-miR-153	1.2312561	0.000444	1.5359801	0	1.8523827	0.011321343	0.000727	0.006079325	0.19031447	0.003371571
hsa-miR-1537	0.08223072	0.000444	0.11855025	0	0.07007034	0.011321343	0.000727	0.006079325	0.19031447	0.003371571
hsa-miR-1538	0.08223072	0.14108966	0.11855025	0	0.07007034	0.011321343	0.10692609	0.006079325	0.19031447	0.003371571
hsa-miR-1539	4.67783	4.237851	4.630444	3.9435663	4.647464	4.237851	4.237851	4.124296	4.6048746	4.2571983
hsa-miR-154	2.42636	3.2988157	0.11855025	3.0087588	0.07007034	3.2317214	2.71378	2.9713433	0.19031447	2.8575654
hsa-miR-154*	1.8262148	0.7534026	0.11855025	1.0533395	0.07007034	1.119526	1.7763907	1.4485786	0.19031447	1.5542203
hsa-miR-155	9.460189	5.504656	6.679445	4.9382644	7.831469	6.03896	7.9976006	5.2306614	9.110054	6.2771244
hsa-miR-155*	2.0752022	0.713963	1.1605239	0.7087233	0.07007034	0.011321343	0.26776007	0.006079325	2.16617	0.003371571
hsa-miR-15a	11.883064	10.298751	11.695541	10.639211	11.65316	10.566463	11.158666	10.371177	11.65316	10.525221
hsa-miR-15a*	1.7500193	1.119526	2.2903295	0.9437296	2.2903295	0.7087233	0.64536595	0.713963	1.9954691	0.34546623
hsa-miR-15b	10.840513	9.880325	10.298751	9.83853	10.075248	9.732384	10.619861	9.696369	9.880325	9.880325
hsa-miR-15b*	3.212474	1.4867893	1.8191181	0.4855758	2.0752022	1.631498	1.022076	0.7534026	2.2759593	1.1817898
hsa-miR-16	12.803383	11.695541	12.1213875	11.518273	12.490204	11.65316	12.803383	11.518273	12.490204	11.839785
hsa-miR-16-1*	0.08223072	0.000444	0.11855025	0	0.07007034	0.011321343	0.000727	0.006079325	0.19031447	0.003371571
hsa-miR-16-2*	4.237851	2.4870682	3.8836477	2.16617	3.4346251	2.2903295	3.6912434	1.7392657	3.7086675	3.0202317
hsa-miR-17	9.229761	9.276394	8.99977	8.70792	9.152004	8.948906	8.590896	8.734195	9.229761	9.087651
hsa-miR-17*	6.2771244	5.7505164	6.2370434	5.1542673	6.3099318	5.4470434	4.905387	5.255066	6.679445	5.6493835
hsa-miR-181a	10.123968	9.35821	9.83853	9.316978	10.427974	9.460189	9.316978	9.399277	10.075248	9.193787
hsa-miR-181a*	4.630444	3.875501	4.616234	4.1069703	5.368298	4.335806	4.472706	4.0889254	5.47082	3.7925918
hsa-miR-181a-2*	3.930924	2.8575654	4.915246	2.825447	4.720235	2.9713433	2.2211378	3.3756933	4.1607065	3.3429248
hsa-miR-181b	8.458505	6.938542	7.9976006	6.812386	7.9976006	6.913951	6.556769	6.5391617	8.040326	6.7744746
hsa-miR-181c	6.178402	4.9931893	6.600952	5.0955167	7.1297812	5.0292206	5.416406	5.0955167	6.556769	4.9382644
hsa-miR-181c*	0.08223072	0.5986388	3.2399526	1.1273245	3.9491067	0.82530415	1.9640137	1.8262148	2.6400843	1.2545046
hsa-miR-181d	5.8928413	4.4233894	6.0565457	4.407004	5.768725	3.9491067	4.720235	4.3807898	5.7887173	4.616234
hsa-miR-182	0.08223072	1.7392657	0.11855025	1.8409113	0.07007034	2.9821656	0.713963	3.166109	3.2243865	3.4644527
hsa-miR-182*	0.08223072	0.000444	0.11855025	0	0.07007034	0.011321343	0.000727	0.006079325	0.19031447	0.003371571
hsa-miR-1825	4.616234	4.3166533	4.7305217	3.8381643	4.2880197	3.930924	3.676304	3.9938762	4.800903	4.141714
hsa-miR-1826	5.629952	5.6680403	5.05023	6.3099318	5.6493835	5.768725	7.9028044	6.105337	6.2972136	6.4651303
hsa-miR-1827	0.08223072	0.5335151	1.1273245	1.1918834	1.9954691	1.7500193	0.54466844	0.59495443	0.19031447	0.1282525
hsa-miR-183	1.9383255	3.8171942	2.6155617	3.2598052	0.07007034	4.015366	1.695743	4.2880197	3.2598052	3.3603723
hsa-miR-183*	0.08223072	0.07810911	0.11855025	0	0.07007034	0.011321343	1.8191181	0.78020024	1.8523827	0.7431772
hsa-miR-184	0.08223072	3.1810348	0.11855025	4.3807898	0.07007034	2.589239	2.4870682	4.073622	0.19031447	2.42636
hsa-miR-185	7.662489	6.913951	7.2612143	6.600952	7.3686876	6.9881263	7.879633	6.194475	7.3686876	6.8509903
hsa-miR-185*	0.08223072	0.000444	0.11855025	0	0.07007034	0.011321343	0.000727	0.006079325	0.19031447	0.003371571
hsa-miR-186	7.675153	7.1297812	7.7414174	6.938542	7.662489	7.1063533	6.7744746	6.7281866	7.561158	6.6462984
hsa-miR-186*	0.08223072	0.000444	0.11855025	0.019860735	0.07007034	0.011321343	0.14108966	0.006079325	0.19031447	0.003371571
hsa-miR-187	0.08223072	1.5779903	0.11855025	0.09643886	0.07007034	2.0752022	0.000727	0.006079325	0.19031447	1.1734045
hsa-miR-187*	0.08223072	1.0350771	1.2545046	2.37705	1.274134	1.0888243	4.4969664	2.4635174	0.19031447	2.033608
hsa-miR-188-3p	0.08223072	2.3400574	0.11855025	1.5959518	0.07007034	1.695743	0.000727	1.0469832	0.19031447	1.274134
hsa-miR-188-5p	5.0955167	5.5816145	5.0292206	5.8321095	4.7719994	5.3299885	8.835585	6.4361534	5.281101	6.7013764
hsa-miR-18a	5.550952	4.4969664	4.800903	3.9666152	5.1469955	3.911727	4.630444	3.6277144	5.5816145	5.0119786
hsa-miR-18a*	1.0749986	0.000444	0.11855025	1.5359801	0.07007034	0.011321343	0.23385124	0.006079325	0.19031447	0.003371571
hsa-miR-18b	4.364797	3.7086675	3.8381643	3.212474	3.875501	3.2769027	3.3429248	2.7720535	4.4233894	3.8836477
hsa-miR-18b*	3.424332	3.126109	3.5103865	2.8116786	3.1094959	2.735803	2.9297047	2.4993124	1.5649312	3.048843
hsa-miR-190	5.368298	6.2771244	5.504656	5.726696	5.47082	6.178402	1.2004986	5.3422093	6.194475	5.6680403
hsa-miR-1908	0.08223072	0.000444	0.11855025	0	0.07007034	0.011321343	0.000727	0.006079325	0.19031447	0.003371571
hsa-miR-1909	0.08223072	0.000444	0.11855025	0	0.07007034	0.011321343	0.000727	0.006079325	0.19031447	0.003371571
hsa-miR-1909*	1.3210783	2.2903295	2.5377688	3.0202317	1.2986062	1.8409113	3.424332	3.1094959	0.19031447	1.7763907
hsa-miR-190b	0.08223072	0.000444	0.11855025	0	0.07007034	0.011321343	0.000727	0.006079325	0.19031447	0.003371571
hsa-miR-191	3.4346251	2.908617	2.8996882	2.4725208	3.1913	2.8855913	1.679719	2.1377451	2.658009	2.5481093
hsa-miR-191*	5.05023	4.347533	4.7884808	4.4233894	4.5924954	4.364797	4.124296	4.141714	4.443507	4.4611998
hsa-miR-1910	1.5649312	0.46097594	0.11855025	0.11811447	0.07007034	0.43863702	0.6760249	0.49299058	0.19031447	0.003371571
hsa-miR-1911	0.08223072	0.000444	0.11855025	0	0.07007034	0.011321343	0.000727	0.006079325	0.19031447	0.003371571
hsa-miR-1911*	0.08223072	0.000444	0.11855025	0	0.07007034	0.011321343	0.000727	0.006079325	0.19031447	0.003371571
hsa-miR-1912	0.08223072	0.000444	0.11855025	0	0.07007034	0.011321343	0.000727	0.006079325	0.19031447	0.003371571
hsa-miR-1913	1.9250283	1.6656879	1.0749986	0.43863702	0.07007034	0.41831526	0.43863702	0.26776007	0.19031447	0.61340237
hsa-miR-1914	0.81802803	0.000444	0.11855025	0	0.96041304	0.4712965	0.080990754	0.006079325	0.19031447	0.003371571
hsa-miR-1914*	6.03896	5.629952	4.9772887	5.768725	5.5291867	5.368298	7.0424895	5.8928413	5.8055696	5.9591036
hsa-miR-1915	7.7414174	8.640891	7.879633	10.123968	7.599738	8.411349	10.944666	9.57016	7.7070894	9.229761
hsa-miR-1915*	0.08223072	0.3674797	0.11855025	1.1385406	0.07007034	0.5226201	2.0639184	1.0350771	0.19031447	0.83258027
hsa-miR-192	11.65316	11.974354	10.123968	11.76724	11.089185	11.883064	8.189535	11.158666	11.089185	11.089185
hsa-miR-192*	5.871452	6.7013764	4.335806	6.2771244	5.5816145	6.6462984	1.0888243	5.0292206	5.8928413	5.1542673
hsa-miR-193a-3p	8.256184	7.007311	8.189535	7.1297812	8.336239	7.15733	7.3686876	7.191196	9.460189	7.1297812
hsa-miR-193a-5p	5.255066	4.0323405	5.5816145	4.1607065	5.3422093	4.246606	5.1542673	4.5338297	5.9307814	4.0514994
hsa-miR-193b	7.007311	7.3916683	7.3916683	7.007311	6.03896	7.3916683	6.7281866	6.8912277	8.123644	7.3332376
hsa-miR-193b*	2.6155617	2.735803	3.2535722	3.048843	2.9821656	2.6794076	3.9491067	3.048843	3.1913	2.6155617
hsa-miR-194	10.566463	11.378044	9.087651	11.378044	10.183014	11.210882	6.5765433	10.183014	10.773218	10.693974
hsa-miR-194*	1.8631109	2.9928389	0.11855025	2.5377688	1.9640137	2.5200517	0.4855758	1.6656879	0.19031447	1.9527682
hsa-miR-195	12.1213875	10.371177	11.089185	10.773218	11.341798	10.840513	11.341798	10.639211	12.164293	10.371177
hsa-miR-195*	2.8116786	2.1059718	3.1497176	2.42636	2.4993124	2.1855462	2.37705	1.695743	2.9297047	1.7392657
hsa-miR-196a	8.87135	8.809094	10.023244	8.9056225	9.399277	8.835585	7.599738	8.835585	9.065633	8.061112
hsa-miR-196a*	0.08223072	0.000444	0.11855025	0	0.07007034	0.011321343	0.000727	0.006079325	0.19031447	0.003371571
hsa-miR-196b	8.483915	7.8517346	8.972538	7.599738	8.769157	7.675153	6.340782	7.3686876	7.9429965	7.226535
hsa-miR-197	6.2527776	5.5291867	6.4651303	5.111472	6.0907516	5.3422093	5.255066	4.905387	5.8530226	5.05023
hsa-miR-198	0.08223072	0.78792554	0.11855025	1.3990433	0.07007034	2.0639184	4.915246	3.126109	0.19031447	2.5200517
hsa-miR-199a-3p	9.087651	11.158666	10.619861	11.341798	10.023244	11.518273	12.362348	11.65316	8.411349	11.25604
hsa-miR-199a-5p	7.2612143	9.696369	8.948906	9.57016	8.553369	10.123968	10.773218	10.566463	6.8912277	10.023244
hsa-miR-199b-5p	1.4867893	5.281101	3.9235969	4.67783	2.5481093	5.47082	6.5391617	6.4651303	2.5200517	6.1378264
hsa-miR-19a	8.3525915	8.040326	8.70792	7.8517346	8.640891	7.879633	7.561158	7.9028044	8.734195	8.211876
hsa-miR-19a*	0.08223072	0.000444	0.11855025	0	0.07007034	0.011321343	0.000727	0.006079325	0.19031447	0.003371571
hsa-miR-19b	10.525221	10.840513	10.944666	10.427974	10.693974	10.525221	10.371177	10.731958	10.639211	10.944666
hsa-miR-19b-1*	1.7859828	2.117985	3.6277144	1.0888243	3.2890677	2.4507933	0.5858195	1.6089164	3.8472943	1.8631109
hsa-miR-19b-2*	0.08223072	0.000444	0.11855025	0	0.07007034	0.011321343	0.000727	0.28401178	0.19031447	0.003371571
hsa-miR-200a	9.35821	10.619861	10.075248	10.247543	9.619687	10.427974	5.550952	10.479397	8.590896	10.298751
hsa-miR-200a*	4.015366	4.647464	4.073622	4.5924954	3.9666152	4.56459	3.8171942	4.3949013	1.7763907	4.3807898
hsa-miR-200b	9.57016	11.210882	10.427974	11.089185	9.797582	10.944666	5.9591036	11.25604	8.68214	11.030231
hsa-miR-200b*	3.8302844	4.616234	4.364797	4.56459	3.9435663	4.5752277	2.918581	4.7074404	3.391591	4.7074404
hsa-miR-200c	1.4341166	8.70792	2.6917944	8.458505	1.4867893	8.553369	1.2986062	8.590896	2.3595853	8.164164
hsa-miR-200c*	0.08223072	0.000444	0.11855025	0	0.07007034	0.5780783	0.000727	0.006079325	0.19031447	0.003371571
hsa-miR-202	5.3998566	5.368298	5.5291867	5.6680403	5.9591036	5.9591036	7.8517346	6.6275764	6.03896	6.178402
hsa-miR-202*	0.08223072	0.023438832	0.11855025	0.43377385	0.07007034	0.011321343	0.000727	0.006079325	2.4085822	0.003371571
hsa-miR-203	5.4470434	5.255066	5.768725	4.630444	4.5338297	4.873591	1.4192284	5.610925	4.6629615	4.6048746
hsa-miR-204	11.210882	12.803383	11.974354	12.629835	11.974354	12.629835	6.2972136	12.0795	10.525221	11.65316
hsa-miR-205	0.08223072	1.695743	0.11855025	1.6656879	0.07007034	1.8018587	1.5359801	4.616234	0.19031447	1.3689182
hsa-miR-206	0.08223072	0.910432	0.11855025	1.5779903	0.07007034	1.067471	2.0470438	1.5649312	0.19031447	0.6353767
hsa-miR-208a	0.08223072	0.000444	0.11855025	0	0.07007034	0.011321343	0.000727	0.006079325	0.19031447	0.003371571
hsa-miR-208b	0.08223072	0.000444	0.11855025	0	0.07007034	0.011321343	0.000727	0.006079325	0.19031447	0.003371571
hsa-miR-20a	10.619861	10.183014	10.566463	9.961458	10.639211	9.961458	9.961458	9.797582	10.566463	10.183014
hsa-miR-20a*	5.281101	5.1774106	6.0907516	4.347533	6.024177	4.9563103	3.3088498	4.4611998	5.6680403	4.630444
hsa-miR-20b	9.065633	9.110054	8.9056225	8.411349	8.809094	8.809094	8.256184	8.483915	8.99977	8.87135
hsa-miR-20b*	0.08223072	0.000444	0.11855025	0	0.07007034	0.011321343	0.000727	0.006079325	0.19031447	0.003371571
hsa-miR-21	15.971302	13.49453	15.971302	13.900181	15.971302	14.841238	15.971302	14.206847	15.971302	14.841238
hsa-miR-21*	6.556769	4.015366	6.7281866	5.281101	6.7744746	4.9382644	6.812386	4.246606	6.913951	6.364216
hsa-miR-210	11.695541	6.105337	10.773218	5.7505164	11.25604	5.9307814	8.336239	7.1063533	10.731958	5.47082
hsa-miR-211	3.6567318	4.7074404	4.5752277	4.443507	4.3807898	4.8251076	0.49299058	3.6406674	3.1810348	3.6277144
hsa-miR-212	4.1069703	3.8998406	5.1469955	4.141714	4.9772887	4.750649	5.5291867	4.9772887	5.1542673	4.905387
hsa-miR-214	6.2972136	7.7414174	7.3332376	7.788517	7.1063533	7.9976006	8.972538	8.3525915	5.2306614	7.831469
hsa-miR-214*	1.728057	4.0889254	4.015366	3.6406674	3.7737408	4.5924954	5.1774106	4.51873	2.0210736	4.51873
hsa-miR-215	10.693974	11.089185	9.065633	11.030231	10.371177	11.378044	7.2612143	10.123968	10.479397	10.427974
hsa-miR-216a	0.08223072	0.91868055	0.11855025	4.3949013	0.07007034	0.011321343	1.4974993	1.022076	2.9510522	1.3990433
hsa-miR-216b	0.08223072	1.9383255	0.11855025	4.800903	0.07007034	0.011321343	0.000727	1.0048901	0.19031447	1.4867893
hsa-miR-217	0.08223072	0.000444	0.11855025	3.0307438	0.07007034	0.011321343	0.000727	0.006079325	0.19031447	0.003371571
hsa-miR-218	4.6048746	8.483915	6.340782	8.164164	5.8530226	8.336239	5.8055696	7.1297812	4.7074404	6.938542
hsa-miR-218-1*	0.08223072	0.000444	0.11855025	0	0.07007034	0.011321343	0.000727	0.006079325	0.19031447	0.003371571
hsa-miR-218-2*	0.08223072	0.10321286	1.6518408	0	1.5649312	0.011321343	0.000727	0.006079325	0.19031447	0.003371571
hsa-miR-219-1-3p	0.08223072	0.000444	0.11855025	0	0.07007034	0.011321343	1.1385406	0.006079325	0.19031447	0.003371571
hsa-miR-219-2-3p	0.08223072	0.000444	0.11855025	0	0.07007034	0.29859182	0.16860965	0.19952978	0.19031447	0.003371571
hsa-miR-219-5p	1.9527682	1.7126684	3.676304	1.3436166	2.9510522	2.2546935	0.6287672	1.631498	3.1094959	1.1273245
hsa-miR-22	10.731958	11.76724	11.210882	11.609162	11.158666	11.695541	11.609162	11.378044	11.25604	11.378044
hsa-miR-22*	5.6895275	6.0907516	5.726696	6.178402	5.550952	6.2149215	5.7887173	5.416406	6.178402	6.340782
hsa-miR-220a	0.08223072	0.000444	0.11855025	0.41831526	0.07007034	0.011321343	0.000727	0.006079325	0.19031447	0.003371571
hsa-miR-220b	0.08223072	0.000444	0.11855025	0	0.07007034	0.011321343	0.000727	0.006079325	0.19031447	0.003371571
hsa-miR-220c	0.08223072	0.000444	0.11855025	0.34546623	0.07007034	0.011321343	0.21614161	0.78792554	0.19031447	0.003371571
hsa-miR-221	7.7070894	7.9976006	7.1297812	7.4215612	7.191196	8.164164	7.007311	7.7414174	7.879633	8.123644
hsa-miR-221*	4.750649	4.124296	3.9938762	3.4152017	3.8381643	4.1069703	3.5103865	3.676304	4.915246	3.4936752
hsa-miR-222	8.383478	7.0424895	7.1063533	6.0565457	7.0424895	7.0424895	6.8912277	6.6462984	8.211876	7.064089
hsa-miR-222*	0.08223072	0.04634359	0.11855025	0	0.07007034	0.011321343	0.070439495	0.006079325	0.19031447	0.003371571
hsa-miR-223	9.026817	7.879633	9.57016	8.513855	9.460189	8.87135	10.840513	8.458505	10.371177	10.731958
hsa-miR-223*	0.08223072	0.000444	0.11855025	0.10106276	1.4974993	0.011321343	1.7126684	0.006079325	3.0307438	0.5986388
hsa-miR-224	6.0565457	2.2759593	6.7744746	2.3400574	7.3916683	2.7995932	6.4361534	3.808118	8.553369	4.873591
hsa-miR-23a	12.164293	11.65316	12.910224	11.974354	12.910224	11.974354	12.910224	12.490204	12.803383	12.419932
hsa-miR-23a*	2.5481093	2.9297047	2.735803	2.735803	2.3297794	2.153812	4.0514994	3.4346251	2.9604216	3.0307438
hsa-miR-23b	11.089185	12.198355	12.490204	12.233259	12.362348	12.419932	12.164293	12.362348	11.883064	12.1213875
hsa-miR-23b*	2.9821656	2.42636	3.4936752	2.4993124	3.0202317	2.3157208	1.728057	1.9083738	0.19031447	2.0470438
hsa-miR-24	11.933301	11.609162	12.233259	11.65316	12.198355	11.609162	12.1213875	11.974354	12.047908	11.609162
hsa-miR-24-1*	4.51873	5.0955167	5.9059052	4.8444824	5.4470434	5.255066	4.141714	4.9931893	5.131013	4.4819427
hsa-miR-24-2*	0.08223072	0.000444	0.11855025	0	0.07007034	0.011321343	0.000727	0.006079325	0.19031447	0.003371571
hsa-miR-25	9.152004	8.288671	9.399277	8.123644	9.065633	8.3525915	9.065633	8.189535	9.152004	8.3525915
hsa-miR-25*	1.7763907	0.000444	0.11855025	0	0.83258027	0.011321343	0.65287936	0.006079325	0.19031447	0.14108966
hsa-miR-26a	12.629835	12.910224	12.629835	13.09939	12.803383	13.09939	12.198355	12.910224	12.419932	12.803383
hsa-miR-26a-1*	1.1385406	1.4744763	1.274134	0.70613605	0.07007034	0.78792554	0.13238868	0.5335151	2.2211378	1.0533395
hsa-miR-26a-2*	0.08223072	0.000444	0.11855025	0	0.07007034	0.011321343	0.000727	0.006079325	0.19031447	0.003371571
hsa-miR-26b	12.558078	12.1213875	12.419932	12.047908	12.684018	12.233259	11.839785	12.1213875	12.233259	11.974354
hsa-miR-26b*	2.0210736	3.1094959	3.126109	2.1059718	3.0834618	2.4635174	1.4341166	1.9640137	3.3429248	2.0752022
hsa-miR-27a	11.378044	10.525221	12.0795	11.158666	12.233259	11.158666	12.233259	11.609162	12.0795	11.427229
hsa-miR-27a*	0.08223072	0.000444	0.11855025	0	0.07007034	0.011321343	0.000727	0.006079325	0.19031447	0.003371571
hsa-miR-27b	11.25604	12.0795	12.164293	12.198355	12.0795	12.164293	11.695541	12.198355	11.76724	11.76724
hsa-miR-27b*	0.08223072	0.28401178	1.8843161	0.84620774	0.07007034	0.9294161	0.7647074	0.9437296	0.19031447	0.21156786
hsa-miR-28-3p	3.8381643	2.4085822	3.2243865	1.9083738	3.6101167	2.5377688	3.066185	1.7859828	3.6406674	2.37705
hsa-miR-28-5p	8.164164	7.478132	8.040326	7.2612143	8.256184	7.662489	7.675153	7.2612143	7.662489	7.007311
hsa-miR-296-3p	0.08223072	0.000444	0.11855025	0	0.07007034	0.011321343	0.000727	0.3792815	0.19031447	0.003371571
hsa-miR-296-5p	4.246606	3.9235969	4.0889254	3.8998406	4.073622	3.5661838	4.9563103	3.5103865	3.9235969	3.7737408
hsa-miR-297	0.08223072	0.000444	0.11855025	0.09460512	0.07007034	0.011321343	0.000727	0.006079325	0.19031447	0.003371571
hsa-miR-298	0.08223072	0.000444	0.11855025	0	0.07007034	0.011321343	1.3087053	0.91868055	0.19031447	0.003371571
hsa-miR-299-3p	0.08223072	0.000444	0.11855025	0.40841487	0.72685796	1.274134	1.0350771	0.006079325	0.19031447	0.003371571
hsa-miR-299-5p	4.2290063	3.5661838	2.8116786	3.391591	2.4085822	3.5921094	2.781714	3.138756	3.3219917	3.4346251
hsa-miR-29a	12.684018	12.233259	12.362348	12.362348	12.1213875	12.558078	12.419932	12.684018	12.198355	12.629835
hsa-miR-29a*	2.825447	3.7925918	4.4233894	3.6101167	3.8632214	4.0323405	2.8996882	3.9435663	4.210081	3.6567318
hsa-miR-29b	11.158666	11.792867	11.378044	11.933301	11.427229	12.0795	11.378044	11.839785	11.695541	11.933301
hsa-miR-29b-1*	4.124296	3.7495604	4.3949013	3.5477252	3.8171942	3.8632214	3.4152017	3.5661838	3.6277144	3.5661838
hsa-miR-29b-2*	2.781714	2.2211378	1.9804901	2.3297794	2.2058372	2.4725208	0.84620774	1.5359801	0.19031447	1.6089164
hsa-miR-29c	12.362348	12.490204	12.198355	12.910224	12.164293	12.684018	11.974354	12.558078	12.1213875	12.490204
hsa-miR-29c*	7.4215612	7.7070894	7.9028044	7.879633	7.7070894	7.831469	6.2771244	7.3916683	7.1297812	7.0424895
hsa-miR-300	0.08223072	0.000444	0.11855025	0	0.07007034	0.011321343	0.000727	0.006079325	0.19031447	0.003371571
hsa-miR-301a	6.0907516	5.871452	6.2771244	5.2306614	6.6275764	5.8321095	4.7719994	5.5291867	6.5391617	5.1469955
hsa-miR-301b	2.2546935	0.000444	0.11855025	0	2.0210736	0.011321343	0.000727	0.006079325	2.1059718	0.84620774
hsa-miR-302a	0.08223072	0.000444	0.11855025	0	0.07007034	0.011321343	0.000727	0.006079325	0.19031447	0.15291119
hsa-miR-302a*	0.08223072	0.000444	0.11855025	0	0.07007034	0.011321343	0.000727	0.006079325	1.728057	0.003371571
hsa-miR-302b	0.08223072	0.000444	0.11855025	0	0.07007034	0.011321343	0.000727	0.006079325	0.19031447	0.003371571
hsa-miR-302b*	0.08223072	0.000444	0.11855025	0	0.07007034	0.011321343	0.000727	0.006079325	0.19031447	0.003371571
hsa-miR-302c	0.08223072	0.21614161	0.11855025	0	0.07007034	0.011321343	0.000727	0.006079325	0.19031447	0.003371571
hsa-miR-302c*	0.08223072	0.000444	0.11855025	0.7431772	0.07007034	0.011321343	1.104405	0.30406433	0.19031447	0.003371571
hsa-miR-302d	0.08223072	0.000444	0.11855025	0	0.07007034	0.011321343	0.000727	0.006079325	2.2546935	0.003371571
hsa-miR-302d*	0.08223072	0.000444	0.11855025	0	0.07007034	0.011321343	0.000727	0.006079325	0.19031447	0.003371571
hsa-miR-302e	0.08223072	0.20449498	0.11855025	0	0.07007034	0.011321343	0.000727	0.006079325	0.19031447	0.003371571
hsa-miR-302f	0.08223072	0.000444	0.11855025	0	0.07007034	0.011321343	0.000727	0.006079325	0.19031447	0.003371571
hsa-miR-30a	12.490204	13.697244	12.047908	13.49453	12.558078	13.697244	10.075248	13.49453	12.629835	13.09939
hsa-miR-30a*	8.948906	10.427974	9.152004	10.183014	9.276394	10.247543	6.1378264	10.023244	9.399277	9.732384
hsa-miR-30b	12.047908	12.362348	11.65316	12.0795	11.933301	12.490204	10.183014	11.883064	11.378044	11.792867
hsa-miR-30b*	2.4635174	4.472706	3.5661838	4.237851	3.391591	4.0514994	2.5769129	3.8836477	2.5377688	3.4734416
hsa-miR-30c	11.341798	12.558078	11.839785	12.684018	11.839785	12.803383	9.797582	12.419932	11.609162	12.198355
hsa-miR-30c-1*	1.8523827	2.5769129	1.8262148	2.5200517	1.3087053	2.42636	3.0087588	2.3297794	2.8575654	1.8018587
hsa-miR-30c-2*	5.3422093	7.1063533	6.1378264	6.9881263	5.9931536	7.007311	4.1965575	6.400922	5.871452	6.0565457
hsa-miR-30d	9.83853	10.944666	9.619687	10.840513	9.914982	10.773218	8.640891	10.298751	9.57016	10.123968
hsa-miR-30d*	2.7606194	4.141714	3.7310581	3.7925918	3.7495604	3.6912434	0.52640736	3.099845	3.3088498	2.9374838
hsa-miR-30e	9.619687	10.479397	9.797582	10.371177	9.732384	10.479397	8.87135	10.075248	9.83853	9.914982
hsa-miR-30e*	7.879633	9.316978	8.590896	8.948906	8.411349	9.193787	6.2149215	9.026817	8.3525915	8.383478
hsa-miR-31	2.9604216	4.630444	2.8575654	5.416406	7.9028044	5.8530226	6.6275764	6.679445	8.061112	5.8928413
hsa-miR-31*	0.08223072	2.5481093	0.11855025	3.875501	6.340782	3.986793	4.4611998	4.9382644	6.498578	4.073622
hsa-miR-32	5.2933097	5.550952	5.47082	5.3998566	5.707053	5.7505164	3.4495544	4.8444824	6.105337	5.2306614
hsa-miR-32*	2.37705	0.42475	2.0908327	1.1817898	0.78020024	1.2312561	2.9821656	1.2415673	0.19031447	1.3436166
hsa-miR-320a	7.8517346	7.3332376	7.478132	7.191196	7.537001	7.226535	7.9429965	7.226535	7.599738	7.561158
hsa-miR-320b	8.640891	8.061112	8.288671	7.831469	8.040326	7.8517346	8.211876	8.082776	7.9976006	7.788517
hsa-miR-320c	8.68214	7.9028044	8.123644	7.9429965	7.8517346	7.7414174	9.110054	8.061112	7.8517346	7.8517346
hsa-miR-320d	9.276394	8.458505	8.640891	8.256184	8.3525915	8.288671	8.68214	8.411349	8.70792	8.040326
hsa-miR-323-3p	0.08223072	0.042850006	0.11855025	0	0.07007034	0.011321343	0.000727	0.006079325	0.19031447	0.003371571
hsa-miR-323-5p	0.08223072	0.000444	0.11855025	0	0.07007034	0.011321343	0.000727	0.006079325	0.19031447	0.003371571
hsa-miR-324-3p	8.336239	8.734195	8.082776	8.3525915	8.288671	8.769157	8.769157	8.513855	8.312161	8.68214
hsa-miR-324-5p	7.1297812	7.662489	7.064089	7.9028044	7.4215612	7.561158	6.0907516	7.3332376	7.191196	7.191196
hsa-miR-325	0.08223072	0.000444	0.11855025	0	0.07007034	0.011321343	0.000727	0.006079325	0.19031447	0.003371571
hsa-miR-326	3.9435663	2.8761618	3.5824022	2.2058372	3.5824022	2.3922403	2.1855462	1.8843161	3.5824022	2.71378
hsa-miR-328	3.765623	3.5921094	3.9491067	2.9928389	4.1069703	3.4644527	2.3157208	2.557493	3.4495544	2.735803
hsa-miR-329	1.6518408	1.067471	1.2004986	0.26776007	0.07007034	0.34546623	0.45070484	0.41831526	0.19031447	1.119526
hsa-miR-330-3p	3.6101167	2.033608	3.3603723	1.679719	3.8998406	2.6917944	2.631994	1.8409113	3.3756933	2.0210736
hsa-miR-330-5p	0.08223072	0.000444	0.11855025	0	1.0048901	0.011321343	0.000727	0.006079325	0.19031447	0.39448068
hsa-miR-331-3p	9.732384	9.460189	9.316978	9.026817	9.35821	9.316978	8.3525915	8.99977	9.35821	8.734195
hsa-miR-331-5p	0.08223072	1.1918834	0.11855025	0	0.07007034	0.91868055	0.4712965	0.43863702	0.19031447	0.003371571
hsa-miR-335	5.768725	6.3809834	3.9666152	6.913951	6.2771244	6.812386	4.9931893	6.498578	3.7925918	6.3099318
hsa-miR-335*	3.9938762	4.1965575	2.9713433	4.335806	4.015366	3.9938762	2.9510522	3.6101167	1.9383255	3.9491067
hsa-miR-337-3p	2.9374838	2.4635174	1.9954691	2.6155617	2.2759593	3.1497176	2.3922403	2.908617	1.7126684	3.0834618
hsa-miR-337-5p	2.71378	3.048843	0.11855025	2.9297047	0.07007034	3.4734416	2.7606194	3.2598052	0.19031447	3.1810348
hsa-miR-338-3p	7.537001	6.364216	7.537001	5.8928413	7.9429965	5.871452	5.2933097	6.9881263	7.2612143	6.9881263
hsa-miR-338-5p	1.8191181	1.8191181	2.2437553	1.2004986	2.8371327	2.4993124	2.4993124	2.781714	2.825447	2.825447
hsa-miR-339-3p	3.066185	3.2890677	3.7086675	2.6400843	3.5216963	3.166109	2.6917944	2.7606194	3.138756	2.7995932
hsa-miR-339-5p	2.3922403	1.4974993	2.9510522	0.14108966	3.2243865	1.4867893	0.78792554	0.68925166	2.2437553	1.0350771
hsa-miR-33a	2.2903295	3.402174	3.0307438	2.908617	2.9604216	3.2598052	1.3534564	3.0202317	3.8836477	2.8855913
hsa-miR-33a*	1.2986062	0.15291119	1.3534564	0.16860965	0.9294161	0.32742676	0.000727	0.006079325	0.19031447	0.23385124
hsa-miR-33b	0.08223072	0.000444	0.11855025	0	0.07007034	0.011321343	0.000727	0.006079325	0.19031447	0.003371571
hsa-miR-33b*	4.8444824	4.5338297	4.750649	4.8251076	4.630444	4.4819427	5.05023	4.647464	4.472706	4.5338297
hsa-miR-340	6.913951	6.1378264	7.007311	6.03896	7.2612143	6.194475	6.024177	5.5816145	7.15733	5.9931536
hsa-miR-340*	4.4611998	3.9435663	5.2933097	3.5921094	5.3299885	4.2750583	3.8836477	3.5477252	5.05023	3.7310581
hsa-miR-342-3p	8.972538	8.123644	9.229761	7.9976006	9.110054	8.483915	9.619687	8.256184	9.732384	8.288671
hsa-miR-342-5p	4.915246	3.2399526	4.720235	2.589239	5.074978	3.424332	4.7884808	2.9374838	5.255066	3.676304
hsa-miR-345	2.4507933	3.066185	2.6400843	3.6277144	3.099845	3.1810348	3.4346251	3.4734416	2.9713433	3.5921094
hsa-miR-346	1.1273245	0.43863702	2.0210736	0.18955922	1.9083738	0.65287936	0.10321286	0.52640736	0.19031447	0.003371571
hsa-miR-34a	11.839785	8.68214	11.76724	8.972538	11.210882	9.152004	11.089185	9.914982	11.839785	8.948906
hsa-miR-34a*	5.610925	2.2546935	5.629952	2.1377451	4.915246	2.37705	4.750649	3.3603723	5.9931536	2.4870682
hsa-miR-34b	2.0470438	0.7431772	1.8409113	0.39448068	1.5542203	1.3689182	0.000727	0.81070215	0.19031447	0.49670017
hsa-miR-34b*	8.553369	5.2306614	8.383478	5.368298	7.879633	5.550952	7.537001	6.340782	9.087651	5.9059052
hsa-miR-34c-3p	0.08223072	0.64536595	0.11855025	0	1.2545046	0.011321343	1.5542203	0.9294161	0.19031447	0.003371571
hsa-miR-34c-5p	2.6400843	0.000444	1.2312561	1.104405	1.2312561	0.7431772	0.09835761	2.2437553	0.19031447	0.47794074
hsa-miR-361-3p	8.123644	6.024177	6.6462984	5.629952	7.064089	6.024177	6.03896	5.47082	7.064089	5.6895275
hsa-miR-361-5p	7.788517	8.211876	8.411349	8.288671	8.312161	8.312161	7.4215612	8.211876	7.9028044	7.675153
hsa-miR-362-3p	6.498578	8.082776	6.8509903	7.478132	6.679445	7.9028044	5.3299885	7.662489	6.2149215	7.3916683
hsa-miR-362-5p	6.1378264	7.675153	6.2972136	7.3332376	6.2149215	7.3686876	4.8444824	6.8509903	5.6895275	6.7281866
hsa-miR-363	7.191196	9.57016	7.4215612	8.383478	6.5765433	9.276394	6.178402	8.553369	5.768725	8.256184
hsa-miR-363*	0.08223072	0.000444	0.11855025	0	0.07007034	0.011321343	0.000727	0.006079325	0.19031447	0.003371571
hsa-miR-365	8.312161	8.87135	8.87135	8.553369	8.590896	8.9056225	8.458505	8.972538	9.510159	8.70792
hsa-miR-367	0.08223072	0.23385124	0.11855025	0	2.7720535	0.011321343	0.5154953	0.006079325	0.19031447	0.003371571
hsa-miR-367*	0.83258027	0.000444	0.11855025	0	0.07007034	0.011321343	0.000727	0.006079325	0.19031447	0.003371571
hsa-miR-369-3p	0.08223072	0.000444	0.11855025	0.050744627	0.8935423	0.011321343	0.3600626	0.006079325	0.19031447	0.18955922
hsa-miR-369-5p	1.022076	1.2004986	0.11855025	0.87393737	0.07007034	1.7859828	1.5649312	1.4744763	1.5136147	1.4485786
hsa-miR-370	0.08223072	1.5359801	0.11855025	1.9640137	0.07007034	1.5959518	4.347533	3.2988157	0.19031447	3.3219917
hsa-miR-371-3p	0.9437296	0.59495443	0.11855025	0	0.07007034	0.30406433	0.000727	0.006079325	0.19031447	0.003371571
hsa-miR-371-5p	4.335806	4.7719994	4.4611998	5.2177753	4.443507	4.3949013	6.3099318	5.3299885	4.8251076	4.9772887
hsa-miR-372	0.08223072	0.000444	0.11855025	0	0.07007034	0.011321343	0.000727	0.006079325	0.19031447	0.003371571
hsa-miR-373	0.08223072	0.000444	0.11855025	0.02657022	0.07007034	0.011321343	0.18955922	0.006079325	0.19031447	0.003371571
hsa-miR-373*	0.08223072	0.000444	1.1918834	0	0.07007034	0.011321343	1.9954691	0.56743056	0.19031447	0.003371571
hsa-miR-374a	8.769157	8.590896	8.809094	8.590896	9.087651	8.68214	8.123644	8.288671	9.026817	8.312161
hsa-miR-374a*	0.08223072	0.000444	0.11855025	0	1.7126684	0.011321343	0.000727	0.006079325	0.19031447	0.003371571
hsa-miR-374b	8.513855	8.189535	8.458505	8.061112	8.68214	8.082776	7.478132	7.879633	8.164164	7.7414174
hsa-miR-374b*	1.5779903	0.52640736	2.557493	1.3210783	3.1497176	1.5136147	0.56743056	0.83258027	3.4936752	1.4341166
hsa-miR-375	0.08223072	0.000444	0.11855025	0	0.07007034	0.54466844	0.000727	0.006079325	0.19031447	0.003371571
hsa-miR-376a	5.504656	5.768725	3.138756	6.340782	3.676304	6.400922	5.726696	6.0907516	3.0087588	5.9307814
hsa-miR-376a*	0.84620774	0.13238868	0.11855025	0.28401178	1.8262148	0.5986388	0.3674797	0.5226201	0.19031447	0.42475
hsa-miR-376b	2.033608	0.589295	0.11855025	0.42475	0.07007034	1.4192284	1.2863382	1.104405	0.19031447	1.9954691
hsa-miR-376c	5.5291867	5.8530226	3.402174	6.1378264	3.4734416	6.3809834	5.8530226	6.1378264	2.631994	5.8530226
hsa-miR-377	3.9235969	4.2290063	2.2058372	4.0323405	2.631994	4.51873	4.073622	4.443507	1.5359801	4.2290063
hsa-miR-377*	0.08223072	0.000444	0.11855025	0.13238868	0.07007034	0.589295	0.000727	0.006079325	0.19031447	0.003371571
hsa-miR-378	6.8912277	8.411349	7.15733	8.640891	6.913951	8.734195	6.3809834	7.4215612	7.788517	7.7070894
hsa-miR-378*	3.7310581	5.1542673	4.443507	5.2933097	3.9235969	5.1774106	2.117985	3.9666152	4.7719994	4.124296
hsa-miR-379	3.0202317	2.3922403	0.11855025	1.631498	0.07007034	2.557493	1.9383255	2.5377688	0.19031447	2.4085822
hsa-miR-379*	0.08223072	0.000444	0.11855025	0	0.07007034	0.011321343	0.000727	0.006079325	2.1377451	0.003371571
hsa-miR-380	0.08223072	0.000444	0.11855025	0	0.07007034	0.011321343	0.000727	0.006079325	0.19031447	0.003371571
hsa-miR-380*	0.08223072	0.19952978	0.11855025	0	0.07007034	0.011321343	0.000727	0.006079325	0.19031447	0.003371571
hsa-miR-381	2.8371327	3.0087588	0.11855025	3.3756933	0.07007034	3.4346251	3.7086675	3.402174	2.7606194	3.424332
hsa-miR-382	2.6794076	0.74025226	0.11855025	0.009342497	0.07007034	1.8843161	2.2903295	1.3808309	0.19031447	1.5959518
hsa-miR-383	0.08223072	0.000444	0.11855025	0	0.07007034	0.011321343	0.000727	0.006079325	0.19031447	0.003371571
hsa-miR-384	0.08223072	0.000444	0.11855025	0	0.07007034	0.011321343	0.000727	0.006079325	0.19031447	0.003371571
hsa-miR-409-3p	3.8836477	2.8371327	2.4993124	2.4635174	2.4388273	2.8996882	3.4644527	2.8996882	0.19031447	3.2988157
hsa-miR-409-5p	2.631994	0.70613605	0.11855025	0.1952454	0.07007034	1.3534564	0.43377385	0.5780783	0.19031447	1.2415673
hsa-miR-410	2.2058372	1.3808309	0.11855025	0.65287936	0.07007034	2.2759593	1.8631109	2.033608	0.19031447	2.117985
hsa-miR-411	2.7265787	2.4388273	1.9250283	1.4597622	1.3436166	2.5769129	1.7500193	1.3990433	0.19031447	2.0639184
hsa-miR-411*	0.9294161	0.6569996	0.11855025	0	0.07007034	0.011321343	0.000727	0.006079325	0.19031447	0.3674797
hsa-miR-412	0.08223072	0.000444	0.11855025	0	0.07007034	0.011321343	0.000727	0.006079325	0.19031447	0.003371571
hsa-miR-421	2.8996882	3.911727	3.5477252	4.015366	4.124296	3.8302844	2.908617	3.3088498	3.986793	3.5216963
hsa-miR-422a	0.08223072	1.1734045	0.11855025	0.8935423	0.07007034	0.011321343	3.0202317	2.2211378	0.19031447	1.1385406
hsa-miR-423-3p	4.2750583	3.8472943	4.4969664	3.3429248	4.472706	3.6277144	3.2243865	3.3219917	4.1965575	3.3756933
hsa-miR-423-5p	6.5391617	6.340782	6.498578	6.2370434	6.812386	6.498578	6.364216	5.9931536	6.600952	6.03896
hsa-miR-424	11.792867	10.91479	11.158666	10.944666	10.123968	10.91479	9.696369	10.619861	11.792867	10.840513
hsa-miR-424*	3.126109	3.3756933	2.8761618	3.066185	1.728057	2.825447	3.1913	4.335806	3.4346251	3.5477252
hsa-miR-425	7.064089	6.679445	6.5391617	6.0907516	6.5391617	6.4651303	6.679445	5.7887173	6.812386	6.498578
hsa-miR-425*	4.5513477	4.2750583	4.7719994	3.8472943	4.1965575	4.0889254	3.808118	3.7737408	4.4969664	3.9938762
hsa-miR-429	6.8509903	9.510159	8.312161	9.065633	8.164164	9.399277	3.1810348	9.110054	6.4361534	8.640891
hsa-miR-431	2.3400574	0.77269304	0.11855025	0	0.07007034	0.011321343	1.1734045	0.15650038	0.19031447	0.65287936
hsa-miR-431*	2.153812	1.4192284	1.7500193	1.3808309	2.735803	2.4085822	2.4507933	1.8631109	0.19031447	2.2058372
hsa-miR-432	2.9928389	1.9250283	1.5542203	1.6518408	0.07007034	1.5359801	2.8371327	1.7763907	0.19031447	1.5779903
hsa-miR-432*	0.08223072	0.000444	0.11855025	0	0.07007034	0.011321343	0.000727	0.006079325	0.19031447	0.003371571
hsa-miR-433	0.08223072	0.000444	0.11855025	0	0.07007034	0.011321343	0.000727	0.006079325	0.19031447	0.003371571
hsa-miR-448	1.679719	0.9796955	1.3436166	0.74025226	0.07007034	0.6231096	0.000727	0.006079325	0.19031447	0.28401178
hsa-miR-449a	0.08223072	0.000444	1.728057	3.0834618	0.07007034	0.24461512	0.000727	3.7086675	0.19031447	1.8191181
hsa-miR-449b	0.08223072	0.000444	0.11855025	0	1.2863382	0.011321343	0.000727	0.317438	0.19031447	0.003371571
hsa-miR-450a	6.6275764	6.8509903	6.913951	6.8509903	5.7887173	6.938542	4.8251076	6.3809834	7.4215612	6.2149215
hsa-miR-450b-3p	0.08223072	0.000444	0.11855025	0	1.2415673	0.011321343	0.000727	0.006079325	0.19031447	0.003371571
hsa-miR-450b-5p	1.7392657	1.2312561	1.9383255	1.5542203	0.07007034	1.0749986	0.000727	0.6353767	2.6155617	0.5335151
hsa-miR-451	14.206847	13.270214	13.270214	12.490204	12.047908	12.362348	14.841238	11.341798	13.09939	14.206847
hsa-miR-452	4.347533	2.8996882	5.610925	3.4734416	7.007311	3.048843	5.2177753	3.8302844	7.007311	3.4152017
hsa-miR-452*	0.08223072	0.000444	0.11855025	0	0.07007034	0.011321343	0.000727	0.006079325	0.19031447	0.003371571
hsa-miR-453	0.08223072	0.000444	0.11855025	0	1.5359801	0.011321343	0.000727	0.006079325	0.19031447	0.003371571
hsa-miR-454	7.0424895	5.9591036	6.812386	5.6895275	6.364216	5.726696	5.610925	5.2177753	6.6275764	5.3422093
hsa-miR-454*	1.7126684	1.728057	0.11855025	0.78020024	1.9527682	0.82530415	0.06616045	0.18284816	2.117985	0.6287672
hsa-miR-455-3p	8.9056225	9.193787	9.510159	8.99977	9.193787	9.35821	7.064089	8.70792	8.082776	8.411349
hsa-miR-455-5p	7.1063533	6.0565457	7.191196	6.105337	6.938542	6.0907516	4.210081	5.504656	6.1378264	5.3299885
hsa-miR-483-3p	3.3219917	3.0307438	3.4346251	2.2211378	2.825447	2.7720535	2.1059718	3.911727	3.5103865	2.4507933
hsa-miR-483-5p	5.2177753	6.2149215	5.2177753	6.7013764	5.1542673	5.6895275	9.276394	7.831469	5.0119786	7.2612143
hsa-miR-484	6.2149215	5.3998566	6.178402	5.131013	6.0565457	5.2933097	4.800903	4.750649	6.340782	5.4470434
hsa-miR-485-3p	0.08223072	0.3600626	0.11855025	0	0.07007034	0.011321343	0.5986388	0.32742676	0.19031447	0.1952454
hsa-miR-485-5p	0.08223072	0.000444	0.11855025	0	0.07007034	0.011321343	0.000727	0.006079325	0.19031447	0.003371571
hsa-miR-486-3p	1.1918834	0.000444	0.11855025	0	0.07007034	0.011321343	0.000727	0.006079325	2.033608	0.003371571
hsa-miR-486-5p	6.938542	5.8321095	6.3099318	5.1469955	5.281101	5.131013	7.831469	4.1965575	4.5924954	5.074978
hsa-miR-487a	0.08223072	0.1952454	0.11855025	0.007071911	0.07007034	0.011321343	0.000727	0.006079325	0.19031447	0.37573308
hsa-miR-487b	4.210081	4.443507	4.407004	3.7737408	4.407004	4.472706	3.7925918	3.930924	4.7305217	3.9666152
hsa-miR-488	0.08223072	0.000444	0.11855025	0	0.07007034	1.3990433	0.000727	0.006079325	0.19031447	0.003371571
hsa-miR-488*	0.08223072	0.09835761	0.11855025	0	0.07007034	0.011321343	0.000727	0.006079325	0.19031447	0.003371571
hsa-miR-489	8.411349	6.600952	8.336239	6.498578	8.513855	6.5391617	4.6629615	4.892259	4.5513477	4.8444824
hsa-miR-490-3p	0.08223072	0.000444	0.11855025	1.8523827	0.07007034	0.011321343	0.910432	0.3674797	0.19031447	0.6018823
hsa-miR-490-5p	0.08223072	0.000444	0.11855025	0.21614161	0.07007034	0.011321343	2.0752022	1.8191181	0.19031447	0.5858195
hsa-miR-491-3p	1.4192284	2.918581	4.3014	4.9563103	4.7305217	4.892259	3.3603723	1.9250283	2.4635174	4.800903
hsa-miR-491-5p	0.08223072	0.16860965	0.11855025	0	0.07007034	0.011321343	0.15291119	0.15291119	0.19031447	0.003371571
hsa-miR-492	0.08223072	0.09643886	0.11855025	0	0.07007034	0.011321343	1.1817898	0.46097594	1.8631109	0.7647074
hsa-miR-493	0.08223072	0.15650038	0.11855025	1.067471	0.07007034	0.25757694	2.9928389	2.2903295	0.19031447	1.9383255
hsa-miR-493*	3.676304	2.1855462	0.11855025	1.9804901	0.07007034	2.9297047	3.099845	2.2759593	0.19031447	2.0908327
hsa-miR-494	7.9976006	8.383478	7.788517	8.336239	7.788517	8.256184	8.9056225	8.9056225	8.336239	8.9056225
hsa-miR-495	3.5824022	3.391591	2.16617	2.9510522	2.37705	3.2399526	3.930924	3.7495604	0.19031447	3.535309
hsa-miR-496	0.08223072	0.000444	0.11855025	0	0.07007034	0.011321343	0.000727	0.006079325	0.19031447	0.003371571
hsa-miR-497	9.914982	9.229761	9.914982	9.35821	9.696369	9.57016	10.023244	9.316978	10.91479	9.065633
hsa-miR-497*	0.08223072	0.000444	0.11855025	0	0.07007034	0.011321343	0.000727	0.006079325	0.19031447	0.003371571
hsa-miR-498	0.08223072	2.2437553	2.3922403	2.6917944	1.679719	1.5542203	4.246606	2.9821656	1.9527682	2.7265787
hsa-miR-499-3p	0.08223072	0.000444	0.11855025	0	0.07007034	0.011321343	0.000727	0.006079325	0.19031447	0.003371571
hsa-miR-499-5p	4.800903	4.5924954	4.3166533	4.2880197	4.8251076	4.5513477	1.4597622	3.5921094	3.8632214	3.2535722
hsa-miR-500	5.1774106	5.707053	4.8251076	5.3422093	5.0292206	5.3998566	4.364797	5.0119786	4.2290063	5.0292206
hsa-miR-500*	5.9307814	6.7744746	5.8928413	6.3809834	5.6680403	6.679445	4.6048746	6.024177	4.8444824	5.871452
hsa-miR-501-3p	3.4495544	4.6629615	3.4152017	4.6629615	3.8836477	4.4611998	3.5921094	4.3014	3.066185	3.986793
hsa-miR-501-5p	5.47082	5.6493835	4.2880197	5.1774106	5.0119786	5.416406	3.6277144	4.720235	4.4819427	4.9563103
hsa-miR-502-3p	5.8055696	6.812386	5.9591036	6.2972136	5.629952	6.6275764	4.3949013	6.03896	4.9382644	5.8321095
hsa-miR-502-5p	4.073622	5.47082	4.2290063	4.7305217	4.1843405	5.2306614	2.5200517	4.4969664	3.2890677	4.443507
hsa-miR-503	5.8321095	4.750649	5.255066	4.6048746	4.246606	4.4969664	2.6794076	3.5824022	5.9591036	4.4969664
hsa-miR-504	0.08223072	0.34546623	0.11855025	0	0.99235326	0.56743056	0.000727	0.006079325	0.19031447	0.16860965
hsa-miR-505	5.9931536	5.8928413	6.7013764	5.9931536	6.498578	6.2527776	5.4470434	5.8055696	6.364216	5.610925
hsa-miR-505*	3.6912434	3.5216963	4.2750583	3.5661838	4.364797	3.6567318	3.048843	3.2399526	3.6101167	3.166109
hsa-miR-506	0.08223072	2.6794076	0.11855025	2.9821656	0.07007034	4.2571983	0.000727	2.37705	1.6089164	1.9250283
hsa-miR-507	0.08223072	1.8262148	0.11855025	2.2759593	0.07007034	3.8381643	0.000727	2.1855462	0.19031447	1.2986062
hsa-miR-508-3p	0.08223072	3.0834618	0.11855025	3.1913	0.07007034	4.7074404	0.000727	2.5200517	0.19031447	1.7859828
hsa-miR-508-5p	0.08223072	0.000444	0.11855025	0	0.07007034	0.011321343	0.81802803	0.006079325	0.19031447	0.11149961
hsa-miR-509-3-5p	0.08223072	1.9804901	0.11855025	2.033608	0.07007034	3.4495544	0.07810911	2.9510522	0.19031447	1.0469832
hsa-miR-509-3p	0.08223072	2.8855913	0.11855025	3.2535722	0.07007034	4.3014	0.000727	2.9297047	0.19031447	2.6794076
hsa-miR-509-5p	0.08223072	2.557493	0.11855025	2.8761618	1.0533395	3.9435663	0.7431772	1.7500193	0.19031447	2.3922403
hsa-miR-510	0.08223072	2.4993124	0.11855025	3.2890677	0.07007034	3.808118	1.119526	2.4507933	0.19031447	2.557493
hsa-miR-511	0.08223072	0.000444	0.11855025	0	0.07007034	0.011321343	0.000727	0.006079325	0.19031447	0.003371571
hsa-miR-512-3p	4.1607065	4.7305217	3.875501	4.7719994	3.911727	4.6048746	3.2317214	4.630444	4.5338297	4.472706
hsa-miR-512-5p	0.08223072	0.000444	0.11855025	0	0.07007034	0.011321343	0.000727	0.006079325	2.918581	0.003371571
hsa-miR-513a-3p	0.08223072	0.000444	0.11855025	0	0.07007034	0.61340237	0.7534026	0.34546623	0.19031447	0.5780783
hsa-miR-513a-5p	4.7884808	5.416406	4.4819427	5.6493835	4.750649	6.2972136	6.2370434	5.6895275	4.9772887	5.5291867
hsa-miR-513b	3.4734416	3.9666152	2.7720535	4.2290063	3.1810348	4.9931893	4.4233894	3.875501	3.8381643	3.7495604
hsa-miR-513c	0.87393737	2.658009	1.4485786	3.1094959	1.9383255	4.1965575	3.5824022	2.9928389	3.2317214	2.6400843
hsa-miR-514	2.7995932	6.400922	1.9640137	6.5391617	3.4644527	7.7070894	0.000727	5.8530226	2.557493	5.281101
hsa-miR-515-3p	0.08223072	0.054954924	0.11855025	0	0.07007034	0.011321343	0.000727	0.006079325	0.19031447	0.003371571
hsa-miR-515-5p	0.08223072	0.000444	0.11855025	0	0.07007034	0.011321343	0.000727	0.006079325	1.8843161	0.003371571
hsa-miR-516a-3p	0.08223072	0.000444	0.11855025	0	0.07007034	0.011321343	0.09643886	0.006079325	0.19031447	0.003371571
hsa-miR-516a-5p	0.08223072	0.11149961	0.11855025	0.23385124	0.07007034	1.1273245	3.2890677	0.7087233	0.19031447	0.9294161
hsa-miR-516b	0.08223072	0.000444	0.11855025	0.78792554	0.07007034	0.31246406	2.9604216	2.2546935	0.19031447	1.7500193
hsa-miR-517*	0.08223072	0.000444	0.11855025	0	0.07007034	0.011321343	1.3210783	0.43377385	0.19031447	0.003371571
hsa-miR-517a	0.08223072	0.000444	0.11855025	0	0.07007034	0.011321343	0.000727	0.006079325	0.19031447	0.003371571
hsa-miR-517b	0.08223072	0.000444	0.11855025	0	0.07007034	0.011321343	0.000727	0.006079325	0.19031447	0.003371571
hsa-miR-517c	0.08223072	0.048162572	0.11855025	0	0.07007034	0.011321343	0.000727	0.006079325	0.19031447	0.003371571
hsa-miR-518a-3p	0.08223072	0.000444	0.11855025	0	0.07007034	0.011321343	0.000727	0.006079325	0.19031447	0.003371571
hsa-miR-518a-5p	0.08223072	1.5649312	0.11855025	2.557493	0.07007034	2.6155617	2.6400843	1.7126684	0.19031447	2.16617
hsa-miR-518b	0.08223072	1.0749986	2.0752022	0.6760249	1.1605239	0.99235326	0.9796955	0.54466844	0.19031447	0.8935423
hsa-miR-518c	0.08223072	0.000444	0.11855025	0	0.07007034	0.011321343	0.000727	0.006079325	0.19031447	0.003371571
hsa-miR-518c*	0.08223072	0.000444	0.11855025	0.6018823	0.07007034	0.011321343	2.557493	1.2863382	0.19031447	0.003371571
hsa-miR-518d-3p	0.08223072	0.30406433	0.11855025	0	0.07007034	0.011321343	0.000727	0.006079325	0.19031447	0.70613605
hsa-miR-518e	0.08223072	0.000444	0.11855025	0	0.07007034	0.011321343	0.000727	0.006079325	0.19031447	0.003371571
hsa-miR-518e*	0.08223072	0.1282525	0.11855025	0.001556886	0.07007034	0.011321343	1.1273245	0.24461512	0.19031447	0.003371571
hsa-miR-518f	0.08223072	0.000444	0.11855025	0	0.07007034	0.011321343	0.000727	0.006079325	0.19031447	0.003371571
hsa-miR-518f*	0.08223072	0.000444	0.11855025	0	0.07007034	0.011321343	0.000727	0.006079325	1.7859828	0.003371571
hsa-miR-519b-3p	0.08223072	0.000444	0.11855025	0	0.07007034	0.011321343	0.000727	0.006079325	0.19031447	0.003371571
hsa-miR-519c-3p	0.08223072	0.000444	0.11855025	0	0.07007034	0.011321343	0.000727	0.006079325	0.19031447	0.003371571
hsa-miR-519d	1.067471	1.1817898	0.11855025	0.99235326	1.1385406	0.43377385	0.000727	0.006079325	0.19031447	0.25757694
hsa-miR-519e	0.08223072	0.000444	0.11855025	0	0.07007034	0.011321343	0.000727	0.006079325	0.19031447	0.003371571
hsa-miR-519e*	1.8018587	2.0908327	2.4635174	1.4974993	2.3922403	2.117985	3.1497176	1.5542203	2.6917944	2.2903295
hsa-miR-520a-3p	0.08223072	0.000444	0.11855025	0	0.07007034	0.011321343	0.000727	0.006079325	0.19031447	0.21614161
hsa-miR-520a-5p	0.08223072	0.000444	0.11855025	0	0.07007034	0.011321343	0.15650038	0.006079325	0.19031447	0.003371571
hsa-miR-520b	0.08223072	0.000444	0.11855025	0.5154953	0.07007034	0.011321343	0.9437296	0.006079325	0.19031447	0.003371571
hsa-miR-520c-3p	0.08223072	0.6685523	0.11855025	0	0.07007034	0.011321343	0.000727	0.006079325	0.19031447	0.003371571
hsa-miR-520d-3p	0.9796955	0.000444	0.11855025	0.30406433	0.07007034	0.011321343	0.8841999	0.31246406	0.19031447	0.46097594
hsa-miR-520e	0.08223072	0.000444	0.11855025	0	1.0469832	0.011321343	0.34005597	0.006079325	1.8262148	0.15650038
hsa-miR-520f	0.08223072	0.24461512	0.11855025	0.06616045	0.07007034	0.011321343	0.1282525	0.006079325	0.19031447	0.45070484
hsa-miR-520g	0.08223072	0.000444	0.11855025	0.040705107	0.07007034	0.011321343	0.000727	0.006079325	0.19031447	0.003371571
hsa-miR-520h	0.08223072	0.06616045	0.11855025	0.96041304	0.07007034	0.011321343	0.000727	0.006079325	0.19031447	0.003371571
hsa-miR-521	0.08223072	0.000444	0.11855025	0	0.07007034	0.011321343	0.000727	0.006079325	0.19031447	0.003371571
hsa-miR-522	0.08223072	0.000444	0.11855025	0	0.07007034	0.011321343	0.000727	0.006079325	0.19031447	0.003371571
hsa-miR-523	0.08223072	0.000444	0.11855025	0	0.07007034	0.011321343	0.000727	0.99235326	0.19031447	0.003371571
hsa-miR-524-3p	0.08223072	0.000444	0.11855025	0	0.07007034	0.011321343	0.000727	0.006079325	0.19031447	0.003371571
hsa-miR-525-3p	1.6656879	1.8523827	2.1059718	1.4485786	1.8409113	1.0533395	0.5780783	0.006079325	0.19031447	0.6760249
hsa-miR-525-5p	0.08223072	1.2986062	0.11855025	1.4192284	1.4341166	0.49299058	1.0749986	0.8841999	0.19031447	0.52640736
hsa-miR-526b	0.08223072	1.0888243	0.11855025	1.4744763	1.022076	0.47794074	3.9435663	2.9604216	0.19031447	2.6917944
hsa-miR-526b*	0.08223072	0.000444	0.11855025	0	0.07007034	0.011321343	0.000727	0.006079325	0.19031447	0.003371571
hsa-miR-532-3p	5.8530226	7.4215612	5.9307814	7.1063533	5.8928413	7.2612143	4.5338297	6.812386	5.3998566	6.6275764
hsa-miR-532-5p	6.3809834	8.312161	6.556769	8.040326	6.4651303	8.061112	5.47082	7.537001	6.024177	7.4215612
hsa-miR-539	0.08223072	0.000444	0.11855025	0	0.07007034	0.011321343	1.0048901	0.87393737	0.19031447	0.003371571
hsa-miR-541	0.08223072	0.000444	0.11855025	0	0.07007034	0.011321343	0.054954924	0.21614161	0.19031447	0.003371571
hsa-miR-541*	0.08223072	0.000444	0.11855025	0	0.07007034	0.011321343	0.000727	0.006079325	0.19031447	0.003371571
hsa-miR-542-3p	6.7744746	6.4361534	6.4361534	6.364216	5.504656	6.2771244	3.9666152	5.726696	6.7744746	5.1774106
hsa-miR-542-5p	6.4361534	5.9307814	6.024177	5.5291867	5.2177753	5.629952	3.765623	5.1542673	6.0565457	4.7719994
hsa-miR-543	2.0908327	1.8409113	0.11855025	0.83258027	0.07007034	1.8191181	1.4744763	1.3210783	2.4870682	1.9640137
hsa-miR-544	0.08223072	0.000444	0.11855025	0	0.07007034	0.011321343	0.000727	0.006079325	0.19031447	0.003371571
hsa-miR-545	1.3689182	0.40841487	2.589239	0.25757694	2.9297047	0.6569996	0.000727	0.006079325	3.2399526	0.64536595
hsa-miR-545*	0.08223072	0.000444	0.11855025	0	0.07007034	0.011321343	0.000727	0.006079325	0.19031447	0.003371571
hsa-miR-548a-3p	0.08223072	0.000444	0.11855025	0	0.07007034	0.011321343	0.000727	0.006079325	0.19031447	0.003371571
hsa-miR-548a-5p	0.08223072	0.000444	0.11855025	0.11149961	0.07007034	0.8841999	0.000727	0.006079325	0.19031447	0.11811447
hsa-miR-548b-3p	0.08223072	0.10692609	0.11855025	0.11403635	0.07007034	0.011321343	0.000727	0.006079325	2.153812	0.003371571
hsa-miR-548b-5p	0.08223072	0.000444	0.11855025	0	0.07007034	0.011321343	0.000727	0.006079325	0.19031447	0.18284816
hsa-miR-548c-3p	1.8409113	1.104405	1.6089164	0	0.07007034	1.0469832	0.000727	0.006079325	0.19031447	1.695743
hsa-miR-548c-5p	2.5200517	1.4597622	3.0202317	1.4867893	2.3157208	1.4974993	2.0908327	1.274134	0.19031447	1.4597622
hsa-miR-548d-3p	0.08223072	0.000444	0.11855025	0	0.07007034	0.011321343	0.000727	0.006079325	0.19031447	0.003371571
hsa-miR-548d-5p	0.08223072	0.000444	2.2211378	0	0.7534026	0.72685796	0.72685796	0.006079325	2.3922403	0.81070215
hsa-miR-548e	0.08223072	0.000444	0.11855025	0	0.07007034	0.011321343	0.000727	0.006079325	0.19031447	0.003371571
hsa-miR-548f	0.08223072	0.39448068	0.11855025	0	0.07007034	0.011321343	0.000727	0.006079325	0.19031447	0.003371571
hsa-miR-548g	0.08223072	0.000444	0.11855025	0	0.07007034	0.011321343	0.000727	0.006079325	0.19031447	0.003371571
hsa-miR-548h	0.08223072	0.000444	0.11855025	0	0.07007034	0.011321343	0.000727	0.006079325	0.19031447	0.003371571
hsa-miR-548i	0.08223072	0.000444	0.11855025	0	0.07007034	0.011321343	0.000727	0.006079325	0.19031447	0.003371571
hsa-miR-548j	0.08223072	0.000444	0.11855025	0	0.07007034	0.011321343	0.000727	0.006079325	0.19031447	0.003371571
hsa-miR-548k	0.08223072	0.000444	0.11855025	0	0.07007034	0.011321343	0.000727	0.006079325	0.19031447	0.003371571
hsa-miR-548l	0.08223072	0.000444	0.11855025	0	0.07007034	0.011321343	0.000727	0.006079325	0.19031447	0.003371571
hsa-miR-548m	0.08223072	0.000444	0.11855025	0	0.07007034	0.011321343	0.000727	0.006079325	0.19031447	0.003371571
hsa-miR-548n	0.08223072	0.000444	0.11855025	0	0.07007034	0.011321343	0.000727	0.006079325	0.19031447	0.003371571
hsa-miR-548o	0.08223072	0.000444	0.11855025	0	0.07007034	0.011321343	0.000727	0.006079325	0.19031447	0.003371571
hsa-miR-548p	0.08223072	0.000444	0.11855025	0	0.07007034	0.011321343	0.000727	0.006079325	0.19031447	0.003371571
hsa-miR-549	0.08223072	0.000444	0.11855025	0	0.07007034	0.011321343	0.000727	0.006079325	0.19031447	0.003371571
hsa-miR-550	4.141714	3.8632214	4.246606	3.911727	3.9938762	3.8472943	4.443507	4.1607065	4.2750583	4.1069703
hsa-miR-550*	3.2399526	1.7859828	3.5216963	1.7392657	2.8575654	1.679719	1.3436166	1.067471	2.781714	1.4744763
hsa-miR-551a	0.08223072	0.000444	0.11855025	0	0.07007034	0.011321343	0.000727	0.16860965	0.19031447	0.003371571
hsa-miR-551b	2.3595853	5.9931536	4.8444824	5.550952	4.616234	5.9059052	4.0889254	5.368298	4.1069703	4.7884808
hsa-miR-551b*	0.08223072	0.000444	0.11855025	0.048162572	0.07007034	0.011321343	2.2437553	1.4867893	0.19031447	0.10106276
hsa-miR-552	0.08223072	0.000444	0.11855025	0	0.07007034	0.011321343	0.000727	0.006079325	0.19031447	0.003371571
hsa-miR-553	0.08223072	0.18955922	0.11855025	0	0.07007034	0.011321343	0.000727	0.006079325	0.19031447	0.003371571
hsa-miR-554	0.08223072	0.000444	0.11855025	0	0.07007034	0.011321343	0.000727	0.006079325	0.19031447	0.003371571
hsa-miR-555	0.08223072	0.000444	0.11855025	0	0.07007034	0.011321343	0.000727	0.006079325	0.19031447	0.003371571
hsa-miR-556-3p	1.0350771	0.317438	1.7392657	0.21156786	0.07007034	0.45070484	0.000727	0.006079325	1.8409113	0.26776007
hsa-miR-556-5p	0.08223072	0.000444	0.11855025	0	0.77269304	0.011321343	0.000727	0.006079325	0.19031447	0.003371571
hsa-miR-557	3.2317214	3.8836477	3.212474	4.5338297	3.4152017	3.212474	5.5816145	4.5513477	3.8302844	3.911727
hsa-miR-558	0.08223072	0.000444	0.11855025	0	1.5136147	0.4855758	0.000727	0.006079325	0.19031447	0.003371571
hsa-miR-559	0.08223072	0.000444	0.11855025	0	0.07007034	0.34005597	0.000727	0.006079325	0.19031447	0.003371571
hsa-miR-561	0.08223072	0.000444	0.11855025	0	0.07007034	0.011321343	0.000727	0.006079325	0.19031447	0.003371571
hsa-miR-562	0.08223072	0.000444	0.11855025	0	0.07007034	0.011321343	0.000727	0.006079325	0.19031447	0.003371571
hsa-miR-563	3.808118	3.5103865	4.1069703	3.2243865	3.7925918	3.535309	3.126109	3.1810348	4.335806	3.6101167
hsa-miR-564	3.8472943	4.873591	3.8632214	4.873591	4.210081	4.67783	5.8321095	4.67783	4.246606	4.6629615
hsa-miR-566	1.631498	2.4725208	2.2759593	2.781714	0.87393737	1.9954691	3.875501	3.0307438	0.19031447	2.4993124
hsa-miR-567	0.08223072	0.024081469	0.11855025	0	0.07007034	0.011321343	0.68925166	0.006079325	0.19031447	0.003371571
hsa-miR-568	0.08223072	0.000444	0.11855025	0	0.07007034	0.011321343	0.000727	0.006079325	0.19031447	0.003371571
hsa-miR-569	0.08223072	0.000444	0.11855025	0	0.07007034	0.011321343	0.000727	0.006079325	0.19031447	0.003371571
hsa-miR-570	1.4744763	0.83258027	2.8855913	0.6685523	2.918581	0.8935423	0.000727	0.34005597	0.19031447	0.003371571
hsa-miR-571	0.08223072	0.000444	0.11855025	0	3.3219917	3.2890677	0.040705107	0.006079325	0.19031447	0.003371571
hsa-miR-572	4.443507	4.9772887	4.9563103	6.7744746	4.7074404	5.074978	8.312161	6.364216	4.7884808	6.105337
hsa-miR-573	0.08223072	0.000444	0.11855025	0	0.07007034	0.011321343	0.000727	0.006079325	0.19031447	0.003371571
hsa-miR-574-3p	6.105337	5.726696	6.364216	5.8530226	6.178402	5.8055696	5.6895275	5.8321095	5.9059052	5.416406
hsa-miR-574-5p	7.478132	7.15733	7.226535	7.3686876	6.7281866	6.8912277	8.411349	7.9976006	6.8509903	7.1063533
hsa-miR-575	6.679445	7.191196	6.194475	7.537001	6.2370434	6.7744746	11.65316	8.040326	6.7013764	8.590896
hsa-miR-576-3p	0.08223072	0.000444	0.11855025	0	0.07007034	0.011321343	0.000727	0.006079325	0.19031447	0.003371571
hsa-miR-576-5p	3.0307438	0.68925166	1.4192284	2.0470438	1.3990433	0.6685523	0.063043125	0.25757694	0.19031447	0.6231096
hsa-miR-577	0.08223072	0.47794074	0.11855025	0	0.07007034	0.011321343	0.000727	0.4855758	2.5769129	0.003371571
hsa-miR-578	0.08223072	0.000444	0.11855025	0	0.07007034	0.011321343	0.000727	0.006079325	0.19031447	0.003371571
hsa-miR-579	0.08223072	0.000444	0.11855025	0	0.07007034	0.011321343	0.000727	0.006079325	0.19031447	0.003371571
hsa-miR-580	0.08223072	0.000444	0.11855025	0.080990754	0.07007034	0.011321343	0.000727	0.006079325	0.19031447	0.003371571
hsa-miR-581	0.08223072	0.000444	0.11855025	0	0.07007034	0.011321343	0.000727	0.006079325	0.19031447	0.003371571
hsa-miR-582-3p	0.08223072	0.72685796	0.11855025	0.45070484	1.2004986	1.1817898	0.000727	0.47794074	0.19031447	0.3792815
hsa-miR-582-5p	4.3014	6.03896	5.8055696	5.610925	6.105337	5.707053	4.5513477	5.1774106	5.368298	5.131013
hsa-miR-583	0.08223072	0.5226201	0.11855025	0.46097594	0.07007034	0.011321343	4.2750583	1.3436166	0.19031447	1.6656879
hsa-miR-584	3.6406674	3.4936752	2.9297047	3.676304	3.2399526	2.7606194	5.7505164	4.237851	3.4734416	3.8998406
hsa-miR-585	0.08223072	0.050744627	0.11855025	0.021690805	0.07007034	0.011321343	0.000727	0.006079325	0.19031447	0.5226201
hsa-miR-586	0.08223072	0.000444	0.11855025	0	0.07007034	0.011321343	0.000727	0.006079325	0.19031447	0.003371571
hsa-miR-587	0.08223072	0.000444	0.11855025	0	0.07007034	0.011321343	0.000727	0.006079325	0.19031447	0.003371571
hsa-miR-588	0.08223072	0.000444	0.11855025	0	0.7431772	0.011321343	0.000727	0.006079325	0.19031447	0.003371571
hsa-miR-589	0.08223072	0.000444	0.11855025	0	0.07007034	0.011321343	0.000727	0.006079325	0.19031447	0.003371571
hsa-miR-589*	0.08223072	0.000444	0.11855025	0.20449498	0.07007034	0.011321343	0.000727	0.006079325	0.19031447	0.003371571
hsa-miR-590-3p	0.08223072	0.000444	0.11855025	0	0.07007034	0.011321343	0.000727	0.006079325	0.19031447	0.003371571
hsa-miR-590-5p	6.400922	5.6895275	7.3686876	5.707053	6.8912277	6.0565457	5.768725	5.6680403	6.6462984	5.8055696
hsa-miR-591	0.08223072	0.000444	0.11855025	0	0.07007034	0.011321343	0.000727	0.006079325	0.19031447	0.003371571
hsa-miR-592	4.4819427	0.11811447	2.153812	0.5780783	4.0514994	0.9437296	0.6569996	0.49670017	3.8998406	0.43863702
hsa-miR-593	0.08223072	0.000444	0.11855025	0.10321286	0.07007034	0.011321343	0.000727	0.006079325	3.1497176	0.003371571
hsa-miR-593*	0.08223072	0.000444	0.11855025	0	0.07007034	0.011321343	0.000727	0.006079325	0.19031447	0.003371571
hsa-miR-595	3.138756	2.16617	3.048843	1.7126684	2.7606194	1.3087053	2.2058372	1.3689182	2.0908327	1.7126684
hsa-miR-596	0.08223072	0.02657022	0.11855025	0.070439495	0.07007034	0.011321343	0.000727	0.006079325	0.19031447	0.003371571
hsa-miR-597	0.08223072	0.000444	0.11855025	0	0.07007034	0.011321343	0.000727	0.006079325	0.19031447	0.003371571
hsa-miR-598	4.7074404	4.8251076	2.8371327	3.8302844	4.56459	4.630444	3.1094959	4.0323405	5.6493835	3.6912434
hsa-miR-599	0.08223072	0.000444	0.11855025	0	0.07007034	0.011321343	0.000727	0.006079325	0.19031447	0.003371571
hsa-miR-600	0.08223072	0.000444	0.11855025	0	1.4744763	0.011321343	0.000727	0.006079325	0.19031447	0.003371571
hsa-miR-601	3.166109	3.986793	3.2598052	4.364797	3.2598052	3.5103865	7.1063533	5.3998566	4.237851	5.2177753
hsa-miR-602	4.1965575	3.930924	4.237851	3.9938762	3.986793	3.8171942	4.1607065	3.8472943	4.4611998	3.8632214
hsa-miR-603	0.08223072	0.000444	0.11855025	0	0.07007034	0.011321343	0.000727	0.006079325	0.19031447	0.003371571
hsa-miR-604	0.08223072	0.000444	0.11855025	0	0.07007034	0.011321343	0.28401178	0.006079325	0.19031447	0.003371571
hsa-miR-605	4.0889254	3.535309	4.6048746	4.1965575	5.255066	4.647464	6.400922	5.4470434	5.111472	4.720235
hsa-miR-606	0.08223072	0.31246406	0.11855025	0	0.07007034	0.011321343	0.000727	0.006079325	0.19031447	0.003371571
hsa-miR-607	1.2863382	0.000444	0.11855025	0	1.1273245	0.64536595	0.000727	0.006079325	0.19031447	0.003371571
hsa-miR-608	0.08223072	0.000444	0.11855025	0	0.07007034	0.011321343	0.000727	0.006079325	0.19031447	0.003371571
hsa-miR-609	0.08223072	0.000444	0.11855025	0	0.07007034	0.011321343	0.000727	0.006079325	2.0639184	0.003371571
hsa-miR-610	3.5216963	3.6567318	4.141714	4.5752277	4.2290063	4.443507	6.0565457	4.873591	3.808118	4.2750583
hsa-miR-611	0.08223072	0.000444	0.11855025	0.04634359	0.07007034	0.011321343	0.000727	0.006079325	0.19031447	0.003371571
hsa-miR-612	0.08223072	0.000444	0.11855025	0.000748	0.07007034	0.011321343	0.000727	0.006079325	0.19031447	0.003371571
hsa-miR-613	1.3808309	0.000444	0.11855025	0	0.74025226	0.011321343	0.11149961	0.5986388	0.19031447	0.003371571
hsa-miR-614	0.08223072	0.000444	0.11855025	0	0.07007034	0.011321343	0.000727	0.006079325	0.19031447	0.003371571
hsa-miR-615-3p	2.7720535	3.3603723	3.9435663	2.8575654	3.808118	2.8371327	1.6656879	2.631994	3.0202317	2.2759593
hsa-miR-615-5p	0.08223072	0.000444	0.11855025	0	0.07007034	0.011321343	0.000727	0.006079325	0.19031447	0.003371571
hsa-miR-616	0.08223072	0.000444	0.11855025	0.028263958	0.07007034	0.011321343	0.59495443	0.006079325	0.19031447	0.003371571
hsa-miR-616*	0.08223072	0.000444	0.11855025	0	0.07007034	0.011321343	0.000727	0.006079325	0.19031447	0.003371571
hsa-miR-617	0.08223072	1.4485786	1.3087053	1.695743	0.9437296	0.68925166	3.2598052	2.0210736	0.19031447	2.2437553
hsa-miR-618	0.08223072	0.000444	0.11855025	0	0.07007034	0.011321343	0.000727	0.006079325	0.19031447	0.003371571
hsa-miR-619	0.08223072	0.000444	0.11855025	0	0.07007034	0.011321343	0.000727	0.006079325	0.19031447	0.003371571
hsa-miR-620	0.08223072	0.000444	0.11855025	0	0.07007034	0.011321343	0.000727	0.006079325	0.19031447	0.003371571
hsa-miR-621	0.08223072	0.000444	0.11855025	0	0.07007034	0.011321343	0.000727	0.006079325	0.19031447	0.003371571
hsa-miR-622	2.6917944	3.4644527	2.9821656	4.3166533	2.781714	2.918581	5.1469955	4.5752277	2.4993124	4.1965575
hsa-miR-623	3.986793	3.808118	3.7737408	4.4819427	2.9374838	2.908617	5.3998566	4.210081	3.048843	3.930924
hsa-miR-624	0.08223072	0.000444	0.11855025	0	0.07007034	0.011321343	0.000727	0.006079325	0.19031447	0.003371571
hsa-miR-624*	2.4725208	1.4341166	3.3219917	0.52640736	2.6400843	1.0350771	0.77269304	0.77269304	3.8171942	1.4974993
hsa-miR-625	4.2571983	3.212474	4.51873	3.4644527	4.2750583	3.6406674	4.407004	3.2535722	3.9435663	3.1913
hsa-miR-625*	3.1094959	2.7265787	2.908617	2.2546935	2.4870682	2.631994	2.3595853	1.9527682	2.8855913	2.589239
hsa-miR-626	0.08223072	0.000444	0.11855025	0	0.07007034	0.011321343	0.000727	0.006079325	0.19031447	0.003371571
hsa-miR-627	2.2759593	0.25757694	2.42636	0.09835761	2.033608	0.713963	1.7859828	0.61340237	0.19031447	0.72685796
hsa-miR-628-3p	1.4597622	2.0752022	2.3400574	2.1855462	3.3088498	2.7265787	2.2546935	2.117985	3.166109	2.4388273
hsa-miR-628-5p	3.5661838	3.2769027	4.0323405	3.2988157	3.424332	3.1913	1.8262148	2.8761618	3.212474	2.7720535
hsa-miR-629	3.3429248	0.99235326	0.11855025	0.6353767	3.166109	1.4597622	1.8523827	1.3087053	3.7310581	2.2546935
hsa-miR-629*	3.3088498	1.679719	2.7995932	2.4507933	2.908617	2.0210736	2.4085822	1.4341166	3.099845	1.5359801
hsa-miR-630	6.812386	5.610925	4.905387	6.556769	4.51873	4.7719994	10.123968	5.871452	5.074978	6.8912277
hsa-miR-631	2.3157208	2.9821656	2.4085822	3.535309	2.6794076	2.781714	3.911727	3.4495544	0.19031447	3.099845
hsa-miR-632	0.08223072	0.000444	0.11855025	0.3792815	0.07007034	0.011321343	0.50189495	0.006079325	0.19031447	0.003371571
hsa-miR-633	0.81070215	0.000444	0.11855025	0	0.07007034	0.7534026	0.000727	0.006079325	0.19031447	0.003371571
hsa-miR-634	3.875501	3.424332	3.6912434	3.2769027	3.5103865	3.138756	2.825447	2.6400843	4.124296	3.3088498
hsa-miR-635	0.08223072	0.000444	0.11855025	0.024081469	0.07007034	0.40841487	0.000727	0.006079325	0.19031447	0.003371571
hsa-miR-636	3.1497176	3.0202317	3.2988157	2.0639184	3.2988157	2.8575654	2.6155617	2.3157208	2.8761618	2.781714
hsa-miR-637	0.08223072	0.000444	0.11855025	0.057330355	0.07007034	0.011321343	0.000727	0.006079325	0.19031447	0.003371571
hsa-miR-638	7.599738	7.788517	7.7070894	9.460189	7.3332376	7.788517	11.210882	9.35821	7.478132	9.110054
hsa-miR-639	0.08223072	0.000444	0.11855025	0	0.07007034	0.011321343	0.000727	0.006079325	0.19031447	0.003371571
hsa-miR-640	0.08223072	1.5136147	1.4597622	2.3922403	2.2546935	1.3210783	1.5136147	1.1918834	0.19031447	1.2004986
hsa-miR-641	0.08223072	0.000444	0.11855025	0	1.3534564	0.011321343	0.11403635	0.006079325	0.19031447	0.003371571
hsa-miR-642	0.08223072	0.080990754	0.11855025	0	0.81070215	0.011321343	0.000727	0.006079325	0.19031447	0.003371571
hsa-miR-643	0.08223072	0.000444	0.11855025	0	0.07007034	0.011321343	0.000727	0.006079325	0.19031447	0.003371571
hsa-miR-644	0.08223072	0.000444	0.11855025	0	0.07007034	0.011321343	0.000727	0.006079325	0.19031447	0.003371571
hsa-miR-645	0.08223072	0.000444	0.11855025	0.19952978	0.07007034	0.011321343	0.39448068	0.006079325	0.19031447	0.003371571
hsa-miR-646	0.08223072	0.000444	0.11855025	0	0.07007034	0.011321343	0.000727	0.006079325	0.19031447	0.003371571
hsa-miR-647	0.08223072	0.000444	0.11855025	0	0.07007034	0.011321343	0.000727	0.006079325	2.2058372	0.003371571
hsa-miR-648	0.08223072	2.589239	1.2986062	3.930924	1.7500193	2.71378	3.5661838	3.2317214	0.19031447	2.2211378
hsa-miR-649	0.08223072	0.000444	0.11855025	0	0.07007034	0.011321343	0.000727	0.006079325	0.19031447	0.003371571
hsa-miR-650	3.2769027	2.631994	2.9604216	3.5103865	3.6277144	3.391591	4.647464	2.8575654	2.908617	2.9510522
hsa-miR-651	0.08223072	0.000444	0.11855025	0	0.07007034	0.011321343	0.000727	0.006079325	0.19031447	0.003371571
hsa-miR-652	5.9059052	5.8055696	5.1774106	5.504656	6.194475	5.610925	5.281101	5.1469955	5.550952	5.3998566
hsa-miR-653	0.08223072	0.000444	0.11855025	0	0.07007034	0.011321343	0.000727	0.006079325	1.7500193	0.003371571
hsa-miR-654-3p	3.8171942	3.2317214	1.631498	3.424332	2.0908327	3.676304	3.5477252	3.424332	0.19031447	3.6406674
hsa-miR-654-5p	2.918581	2.1377451	1.4974993	2.5769129	2.5200517	2.033608	3.6101167	2.0639184	0.19031447	1.8843161
hsa-miR-655	0.08223072	0.000444	0.11855025	0	0.07007034	0.011321343	0.000727	0.006079325	0.19031447	0.003371571
hsa-miR-656	0.08223072	0.5154953	0.11855025	0	0.81802803	0.81070215	0.30406433	0.50189495	0.19031447	0.68925166
hsa-miR-657	1.1605239	0.000444	0.11855025	0	0.07007034	0.011321343	0.000727	0.006079325	0.19031447	0.003371571
hsa-miR-658	0.08223072	0.000444	0.11855025	0.910432	0.07007034	0.011321343	0.24461512	0.006079325	0.19031447	0.003371571
hsa-miR-659	1.119526	2.0470438	1.3808309	2.5481093	1.5959518	1.7126684	5.0292206	3.8632214	0.19031447	3.066185
hsa-miR-660	8.040326	9.732384	8.211876	9.087651	8.061112	9.510159	6.8509903	9.087651	7.3916683	8.835585
hsa-miR-661	0.08223072	0.063043125	0.11855025	0	0.07007034	0.011321343	0.042850006	0.006079325	0.19031447	0.003371571
hsa-miR-662	2.2437553	1.8018587	1.4341166	2.658009	1.9804901	0.77269304	1.8843161	1.728057	0.19031447	0.77269304
hsa-miR-663	4.7719994	6.5391617	5.3422093	6.8912277	4.905387	5.5291867	8.483915	7.0424895	4.892259	6.400922
hsa-miR-663b	4.56459	3.138756	3.4644527	2.7606194	3.7086675	1.104405	1.6518408	2.42636	0.19031447	0.78792554
hsa-miR-664	6.024177	6.2527776	6.2149215	5.871452	6.1378264	6.105337	5.074978	5.768725	6.3809834	5.768725
hsa-miR-664*	2.8575654	3.7310581	3.066185	4.210081	3.212474	3.7575917	4.892259	5.05023	3.2535722	4.3166533
hsa-miR-665	4.0323405	3.9491067	3.808118	4.720235	3.048843	3.8998406	4.3166533	4.3166533	4.2880197	3.8381643
hsa-miR-668	0.08223072	0.8935423	1.7126684	0.29859182	1.6656879	0.011321343	0.47794074	0.006079325	0.19031447	0.20449498
hsa-miR-671-3p	3.0087588	2.3595853	2.7606194	1.7859828	2.9713433	2.6400843	1.7392657	2.2058372	2.7995932	1.9083738
hsa-miR-671-5p	3.9666152	5.131013	4.56459	5.0119786	4.2571983	4.073622	7.226535	5.9059052	4.1843405	5.368298
hsa-miR-675	0.08223072	0.000444	0.11855025	0	0.07007034	0.011321343	0.000727	0.006079325	0.19031447	0.003371571
hsa-miR-675b	2.589239	1.6518408	2.1377451	1.2545046	2.1059718	1.8523827	0.74025226	2.0470438	1.8018587	1.679719
hsa-miR-7	5.9591036	4.4819427	4.5338297	3.9235969	5.1774106	4.141714	4.7305217	3.4936752	5.3299885	4.3949013
hsa-miR-7-1*	4.472706	3.6912434	4.647464	2.8371327	4.6629615	3.4936752	3.2399526	2.918581	4.3166533	3.2890677
hsa-miR-7-2*	0.08223072	0.040705107	0.11855025	0	1.1817898	0.011321343	0.000727	0.006079325	0.19031447	0.25014067
hsa-miR-708	2.4870682	2.37705	2.5200517	2.0210736	2.6917944	2.5481093	3.391591	2.0908327	3.4644527	2.1059718
hsa-miR-708*	0.08223072	0.000444	0.11855025	0	0.91868055	0.011321343	0.000727	0.006079325	0.19031447	0.003371571
hsa-miR-720	13.09939	12.419932	14.206847	12.558078	13.49453	12.198355	11.030231	11.695541	14.206847	12.910224
hsa-miR-744	4.1843405	4.5752277	5.0955167	4.5513477	5.131013	4.3166533	3.4936752	3.986793	4.364797	4.4233894
hsa-miR-744*	1.5959518	1.8631109	2.1855462	0.8841999	2.0639184	1.7392657	0.34546623	1.0749986	2.37705	1.067471
hsa-miR-758	1.9640137	1.3990433	0.11855025	0.34005597	1.4485786	1.2004986	0.91868055	0.84620774	0.19031447	1.3087053
hsa-miR-760	3.2988157	2.3157208	2.3595853	2.918581	3.2535722	2.1059718	4.2880197	3.5216963	3.930924	2.9713433
hsa-miR-765	3.4936752	5.2177753	4.210081	5.8055696	4.0323405	4.7305217	6.913951	6.2771244	3.4152017	5.7887173
hsa-miR-766	4.892259	4.3949013	4.873591	4.246606	4.4611998	4.210081	4.7074404	4.1843405	4.56459	4.407004
hsa-miR-767-3p	3.2243865	2.825447	3.1810348	1.8262148	2.589239	2.658009	1.5779903	1.5136147	3.5216963	2.4635174
hsa-miR-767-5p	0.08223072	0.000444	0.11855025	0	0.84620774	0.011321343	0.000727	0.006079325	0.19031447	0.003371571
hsa-miR-769-3p	0.8841999	1.3087053	1.5959518	1.6089164	1.631498	0.011321343	4.4819427	1.1605239	0.19031447	1.6518408
hsa-miR-769-5p	4.647464	4.073622	4.472706	3.5216963	4.7884808	3.7575917	3.6567318	3.8998406	4.3014	3.2598052
hsa-miR-770-5p	2.908617	3.3429248	3.391591	3.3219917	3.6912434	3.5216963	3.7737408	3.0087588	3.765623	2.7606194
hsa-miR-802	0.08223072	0.000444	0.11855025	0	0.07007034	0.011321343	0.000727	0.006079325	0.19031447	0.003371571
hsa-miR-873	0.08223072	0.45070484	0.11855025	0.063043125	0.07007034	0.26776007	0.000727	0.6760249	0.19031447	0.13238868
hsa-miR-874	5.707053	6.8912277	5.1542673	6.7281866	5.3998566	6.3099318	5.871452	5.629952	5.3422093	5.5816145
hsa-miR-875-3p	0.08223072	0.000444	0.11855025	0	0.07007034	0.011321343	0.000727	0.006079325	0.19031447	0.003371571
hsa-miR-875-5p	0.08223072	0.000444	2.0639184	0.15650038	3.765623	0.011321343	0.000727	0.006079325	0.19031447	0.003371571
hsa-miR-876-3p	0.08223072	0.6018823	0.11855025	0.81802803	0.07007034	0.52640736	0.000727	0.006079325	0.19031447	0.11403635
hsa-miR-876-5p	0.08223072	0.29859182	0.11855025	0	0.07007034	0.011321343	0.000727	0.006079325	0.19031447	0.003371571
hsa-miR-877	1.3534564	1.8843161	2.37705	1.8191181	2.1855462	1.1385406	4.5752277	2.3595853	0.19031447	2.153812
hsa-miR-877*	3.7925918	3.2243865	3.765623	2.7720535	3.402174	3.099845	2.9374838	2.8855913	3.875501	3.2769027
hsa-miR-885-3p	2.2211378	0.000444	0.11855025	0.91868055	0.07007034	1.7763907	1.8409113	0.910432	0.19031447	0.003371571
hsa-miR-885-5p	6.3099318	1.7763907	4.0514994	0.5335151	6.400922	1.4485786	3.2988157	1.2312561	2.9928389	1.2863382
hsa-miR-886-3p	10.773218	8.835585	9.35821	8.809094	9.229761	8.640891	8.70792	7.9429965	10.247543	9.399277
hsa-miR-886-5p	2.4085822	0.41831526	0.11855025	1.1605239	2.42636	2.2058372	1.3990433	0.42475	0.19031447	0.4712965
hsa-miR-887	3.9491067	2.8116786	3.6567318	3.1810348	3.4936752	2.2437553	4.2290063	2.6917944	2.9821656	3.0087588
hsa-miR-888	0.08223072	0.6231096	0.11855025	1.8018587	0.07007034	2.9510522	0.000727	0.18955922	0.19031447	0.003371571
hsa-miR-888*	0.08223072	0.000444	0.11855025	0	0.07007034	0.011321343	0.000727	0.006079325	2.42636	0.003371571
hsa-miR-889	0.08223072	0.7647074	0.11855025	0.009670711	0.07007034	0.3674797	0.000727	0.006079325	0.19031447	0.74025226
hsa-miR-890	0.08223072	0.000444	0.11855025	0.013124703	0.07007034	0.5335151	0.19952978	0.39448068	0.19031447	0.003371571
hsa-miR-891a	0.08223072	0.000444	0.11855025	0.9796955	0.07007034	0.9796955	0.25014067	0.006079325	2.0752022	0.49299058
hsa-miR-891b	0.08223072	0.4712965	0.11855025	1.0048901	0.07007034	1.9640137	0.000727	0.006079325	0.19031447	0.003371571
hsa-miR-892a	1.104405	0.000444	0.11855025	0.6287672	0.07007034	0.011321343	0.000727	0.006079325	0.19031447	0.003371571
hsa-miR-892b	5.726696	4.210081	3.2769027	3.4936752	5.2933097	3.9666152	3.138756	2.7265787	5.1774106	4.246606
hsa-miR-9	3.7086675	4.7884808	1.5136147	4.892259	1.6089164	5.1542673	0.000727	5.9307814	3.9666152	4.67783
hsa-miR-9*	2.4388273	3.6406674	0.11855025	3.402174	0.07007034	3.7086675	0.5335151	4.6048746	0.19031447	3.4495544
hsa-miR-920	0.08223072	0.000444	0.11855025	0	0.07007034	0.011321343	0.000727	0.006079325	0.19031447	0.003371571
hsa-miR-921	0.08223072	1.2415673	0.11855025	1.3534564	0.07007034	0.6353767	1.3689182	1.3534564	0.19031447	1.0888243
hsa-miR-922	0.08223072	0.000444	0.11855025	0	0.07007034	0.011321343	0.000727	0.006079325	0.19031447	0.003371571
hsa-miR-923	12.233259	12.629835	11.609162	12.419932	11.378044	11.76724	13.697244	13.270214	12.362348	13.270214
hsa-miR-924	0.08223072	0.000444	0.11855025	0	0.07007034	0.011321343	0.000727	0.006079325	0.19031447	0.003371571
hsa-miR-92a	9.316978	9.065633	9.110054	8.769157	8.734195	8.70792	8.734195	8.640891	9.193787	8.972538
hsa-miR-92a-1*	0.08223072	0.000444	0.11855025	0	0.07007034	0.011321343	0.000727	0.006079325	0.19031447	0.003371571
hsa-miR-92a-2*	0.08223072	0.000444	0.11855025	0	1.0749986	0.011321343	0.000727	0.006079325	0.19031447	0.003371571
hsa-miR-92b	3.7495604	3.5824022	4.1607065	3.166109	3.8302844	3.5477252	2.9713433	3.1913	4.3807898	3.402174
hsa-miR-92b*	0.08223072	0.000444	0.11855025	0	0.07007034	0.011321343	0.000727	0.006079325	0.19031447	0.003371571
hsa-miR-93	8.590896	7.599738	9.026817	7.7414174	8.972538	7.599738	8.082776	7.675153	8.9056225	8.189535
hsa-miR-93*	1.0533395	0.7087233	2.631994	0.9294161	2.117985	1.1734045	0.40841487	0.45070484	0.19031447	0.99235326
hsa-miR-933	3.8632214	3.5477252	3.8998406	3.126109	3.535309	3.3219917	3.212474	3.2243865	3.7495604	3.2243865
hsa-miR-934	0.08223072	0.000444	0.11855025	0.01286761	0.07007034	0.50189495	1.9083738	2.0752022	0.19031447	0.4855758
hsa-miR-935	0.08223072	0.000444	0.11855025	0	0.07007034	0.011321343	0.000727	0.006079325	0.19031447	0.003371571
hsa-miR-936	1.3087053	2.0210736	0.11855025	2.7995932	2.3595853	1.2545046	5.9307814	4.015366	0.19031447	3.5103865
hsa-miR-937	1.0048901	0.96041304	1.5779903	0.49670017	0.9796955	0.59495443	1.2312561	0.6685523	0.19031447	0.7534026
hsa-miR-938	0.08223072	0.000444	0.11855025	0	0.07007034	0.011321343	0.000727	0.006079325	0.19031447	0.003371571
hsa-miR-939	7.226535	8.9056225	7.0424895	9.797582	6.8509903	7.478132	9.914982	8.336239	7.1063533	7.9028044
hsa-miR-940	6.340782	6.178402	6.400922	6.2527776	5.9059052	5.7887173	8.164164	6.7013764	7.3332376	6.913951
hsa-miR-941	0.08223072	0.000444	0.11855025	0	0.07007034	0.011321343	0.000727	0.006079325	0.19031447	0.003371571
hsa-miR-942	0.08223072	0.000444	0.11855025	0	0.07007034	0.011321343	0.048162572	0.006079325	2.3297794	0.003371571
hsa-miR-943	0.08223072	0.000444	0.11855025	0.000271	0.07007034	0.011321343	0.000727	0.006079325	0.19031447	0.003371571
hsa-miR-944	0.08223072	0.000444	0.11855025	0	0.07007034	0.011321343	0.000727	0.006079325	0.19031447	0.003371571
hsa-miR-95	4.4233894	6.2972136	5.6493835	5.9059052	5.726696	6.7281866	4.9382644	5.2933097	5.504656	5.2933097
hsa-miR-96	3.402174	6.194475	5.3299885	5.47082	3.2769027	6.556769	4.5924954	6.5765433	6.400922	6.2370434
hsa-miR-96*	0.08223072	0.000444	0.11855025	0	0.07007034	0.011321343	0.000727	0.006079325	0.19031447	0.003371571
hsa-miR-98	8.288671	8.972538	8.68214	9.152004	8.835585	9.065633	7.662489	8.809094	8.640891	8.513855
hsa-miR-99a	9.193787	10.075248	9.276394	10.298751	10.247543	10.298751	9.880325	10.773218	8.835585	9.83853
hsa-miR-99a*	0.08223072	1.9083738	0.11855025	1.7763907	2.6155617	2.4870682	1.2545046	1.9954691	1.5542203	1.8409113
hsa-miR-99b	8.189535	8.3525915	8.256184	8.189535	8.383478	8.211876	6.7013764	8.123644	7.7414174	7.9429965
hsa-miR-99b*	0.08223072	2.2058372	1.4744763	2.153812	2.4507933	1.3808309	2.5481093	2.3400574	0.19031447	1.631498
